Layer_num	sz	alpha	tau_0	tau_e-5	tau_e-4	tau_e-3	tau_e-2	tau_e-1
0	0	-0.20	0	15	15	15	15	16
0	1	-0.20	0	0	0	1	1	0
0	2	-0.20	0	0	0	0	0	0
0	3	-0.20	0	0	0	0	0	0
0	4	-0.20	0	0	1	0	0	0
0	5	-0.20	16	1	0	0	0	0
1	0	-0.20	0	26	29	29	30	32
1	1	-0.20	0	0	0	0	1	0
1	2	-0.20	0	0	0	0	0	0
1	3	-0.20	0	2	0	0	1	0
1	4	-0.20	0	1	0	0	0	0
1	5	-0.20	32	3	3	3	0	0
2	0	-0.20	0	2	28	30	30	32
2	1	-0.20	0	8	0	0	0	0
2	2	-0.20	0	3	1	0	0	0
2	3	-0.20	0	11	0	0	0	0
2	4	-0.20	0	4	1	0	1	0
2	5	-0.20	32	4	2	2	1	0
3	0	-0.20	0	13	29	29	29	31
3	1	-0.20	0	0	0	0	0	1
3	2	-0.20	0	3	0	0	1	0
3	3	-0.20	0	9	0	0	0	0
3	4	-0.20	0	3	0	0	1	0
3	5	-0.20	32	4	3	3	1	0
4	0	-0.20	0	0	29	29	29	32
4	1	-0.20	0	0	0	0	0	0
4	2	-0.20	0	1	0	0	0	0
4	3	-0.20	0	7	0	0	1	0
4	4	-0.20	0	15	0	0	2	0
4	5	-0.20	32	9	3	3	0	0
5	0	-0.20	0	22	58	58	58	64
5	1	-0.20	0	0	0	0	0	0
5	2	-0.20	0	11	0	0	0	0
5	3	-0.20	0	15	0	0	3	0
5	4	-0.20	0	8	0	0	3	0
5	5	-0.20	64	8	6	6	0	0
6	0	-0.20	0	0	28	53	53	64
6	1	-0.20	0	0	5	0	0	0
6	2	-0.20	0	0	5	0	0	0
6	3	-0.20	0	1	9	0	1	0
6	4	-0.20	0	1	6	0	0	0
6	5	-0.20	64	62	11	11	10	0
7	0	-0.20	0	0	55	55	55	64
7	1	-0.20	0	0	0	0	0	0
7	2	-0.20	0	2	0	0	0	0
7	3	-0.20	0	9	0	0	0	0
7	4	-0.20	0	25	0	0	4	0
7	5	-0.20	64	28	9	9	5	0
8	0	-0.20	0	0	1	8	35	64
8	1	-0.20	0	0	0	0	20	0
8	2	-0.20	0	0	0	4	8	0
8	3	-0.20	0	0	2	5	1	0
8	4	-0.20	0	0	3	5	0	0
8	5	-0.20	64	64	58	42	0	0
0	0	-0.40	0	14	14	14	15	16
0	1	-0.40	0	0	0	0	1	0
0	2	-0.40	0	0	0	0	0	0
0	3	-0.40	0	0	0	0	0	0
0	4	-0.40	0	0	0	0	0	0
0	5	-0.40	16	2	2	2	0	0
1	0	-0.40	0	27	30	30	30	32
1	1	-0.40	0	0	0	0	1	0
1	2	-0.40	0	1	0	0	0	0
1	3	-0.40	0	0	0	0	0	0
1	4	-0.40	0	2	0	0	1	0
1	5	-0.40	32	2	2	2	0	0
2	0	-0.40	0	11	28	29	30	32
2	1	-0.40	0	3	0	1	0	0
2	2	-0.40	0	4	0	0	0	0
2	3	-0.40	0	6	0	0	1	0
2	4	-0.40	0	3	1	0	1	0
2	5	-0.40	32	5	3	2	0	0
3	0	-0.40	0	20	29	29	29	31
3	1	-0.40	0	0	0	0	0	1
3	2	-0.40	0	2	0	0	1	0
3	3	-0.40	0	4	0	0	0	0
3	4	-0.40	0	2	0	0	2	0
3	5	-0.40	32	4	3	3	0	0
4	0	-0.40	0	0	28	29	29	32
4	1	-0.40	0	1	0	0	0	0
4	2	-0.40	0	3	0	0	0	0
4	3	-0.40	0	5	0	0	1	0
4	4	-0.40	0	9	1	0	1	0
4	5	-0.40	32	14	3	3	1	0
5	0	-0.40	0	27	58	58	58	64
5	1	-0.40	0	1	0	0	0	0
5	2	-0.40	0	7	0	0	0	0
5	3	-0.40	0	9	0	0	1	0
5	4	-0.40	0	11	0	0	3	0
5	5	-0.40	64	9	6	6	2	0
6	0	-0.40	0	0	41	54	54	64
6	1	-0.40	0	0	4	0	0	0
6	2	-0.40	0	0	5	0	0	0
6	3	-0.40	0	1	4	0	0	0
6	4	-0.40	0	0	0	0	0	0
6	5	-0.40	64	63	10	10	10	0
7	0	-0.40	0	3	53	53	53	64
7	1	-0.40	0	0	0	0	0	0
7	2	-0.40	0	1	0	0	0	0
7	3	-0.40	0	7	0	0	1	0
7	4	-0.40	0	26	0	0	0	0
7	5	-0.40	64	27	11	11	10	0
8	0	-0.40	0	0	1	8	24	64
8	1	-0.40	0	0	0	0	17	0
8	2	-0.40	0	0	1	0	20	0
8	3	-0.40	0	0	0	2	3	0
8	4	-0.40	0	0	1	4	0	0
8	5	-0.40	64	64	61	50	0	0
0	0	-0.60	0	12	12	12	14	16
0	1	-0.60	0	0	0	0	1	0
0	2	-0.60	0	0	0	0	1	0
0	3	-0.60	0	0	0	0	0	0
0	4	-0.60	0	0	0	1	0	0
0	5	-0.60	16	4	4	3	0	0
1	0	-0.60	0	22	29	29	29	32
1	1	-0.60	0	0	0	0	0	0
1	2	-0.60	0	2	0	0	0	0
1	3	-0.60	0	4	0	0	0	0
1	4	-0.60	0	1	0	0	3	0
1	5	-0.60	32	3	3	3	0	0
2	0	-0.60	0	3	25	28	28	31
2	1	-0.60	0	0	0	1	2	1
2	2	-0.60	0	5	0	0	0	0
2	3	-0.60	0	10	0	0	0	0
2	4	-0.60	0	2	0	0	1	0
2	5	-0.60	32	12	7	3	1	0
3	0	-0.60	0	10	25	25	25	32
3	1	-0.60	0	0	0	0	0	0
3	2	-0.60	0	2	0	0	0	0
3	3	-0.60	0	8	0	0	1	0
3	4	-0.60	0	5	0	0	4	0
3	5	-0.60	32	7	7	7	2	0
4	0	-0.60	0	1	26	26	26	32
4	1	-0.60	0	0	0	0	2	0
4	2	-0.60	0	0	0	0	1	0
4	3	-0.60	0	3	0	1	1	0
4	4	-0.60	0	10	0	1	1	0
4	5	-0.60	32	18	6	4	1	0
5	0	-0.60	0	21	56	56	56	64
5	1	-0.60	0	0	0	0	0	0
5	2	-0.60	0	8	0	0	0	0
5	3	-0.60	0	13	0	0	3	0
5	4	-0.60	0	14	0	0	5	0
5	5	-0.60	64	8	8	8	0	0
6	0	-0.60	0	0	20	52	52	64
6	1	-0.60	0	0	9	0	0	0
6	2	-0.60	0	0	8	0	0	0
6	3	-0.60	0	0	7	0	0	0
6	4	-0.60	0	2	6	0	3	0
6	5	-0.60	64	62	14	12	9	0
7	0	-0.60	0	2	53	53	53	64
7	1	-0.60	0	0	0	0	0	0
7	2	-0.60	0	0	0	0	0	0
7	3	-0.60	0	9	0	0	0	0
7	4	-0.60	0	28	0	0	2	0
7	5	-0.60	64	25	11	11	9	0
8	0	-0.60	0	0	2	7	22	64
8	1	-0.60	0	0	0	1	21	0
8	2	-0.60	0	0	0	2	19	0
8	3	-0.60	0	0	0	1	2	0
8	4	-0.60	0	0	2	3	0	0
8	5	-0.60	64	64	60	50	0	0
0	0	-0.80	0	11	11	11	15	16
0	1	-0.80	0	0	0	0	1	0
0	2	-0.80	0	0	0	0	0	0
0	3	-0.80	0	0	0	1	0	0
0	4	-0.80	0	0	0	2	0	0
0	5	-0.80	16	5	5	2	0	0
1	0	-0.80	0	30	32	32	32	32
1	1	-0.80	0	0	0	0	0	0
1	2	-0.80	0	0	0	0	0	0
1	3	-0.80	0	2	0	0	0	0
1	4	-0.80	0	0	0	0	0	0
1	5	-0.80	32	0	0	0	0	0
2	0	-0.80	0	22	32	32	32	32
2	1	-0.80	0	0	0	0	0	0
2	2	-0.80	0	1	0	0	0	0
2	3	-0.80	0	3	0	0	0	0
2	4	-0.80	0	6	0	0	0	0
2	5	-0.80	32	0	0	0	0	0
3	0	-0.80	0	13	27	27	27	31
3	1	-0.80	0	0	0	0	0	1
3	2	-0.80	0	5	0	0	0	0
3	3	-0.80	0	5	0	0	1	0
3	4	-0.80	0	3	0	0	3	0
3	5	-0.80	32	6	5	5	1	0
4	0	-0.80	0	0	18	27	27	32
4	1	-0.80	0	0	3	0	0	0
4	2	-0.80	0	0	1	0	2	0
4	3	-0.80	0	0	1	0	1	0
4	4	-0.80	0	4	1	0	0	0
4	5	-0.80	32	28	8	5	2	0
5	0	-0.80	0	25	56	56	56	64
5	1	-0.80	0	0	0	0	0	0
5	2	-0.80	0	9	0	0	1	0
5	3	-0.80	0	7	0	0	0	0
5	4	-0.80	0	13	0	0	1	0
5	5	-0.80	64	10	8	8	6	0
6	0	-0.80	0	0	4	52	52	64
6	1	-0.80	0	0	1	0	0	0
6	2	-0.80	0	0	5	0	0	0
6	3	-0.80	0	0	11	0	0	0
6	4	-0.80	0	0	16	0	1	0
6	5	-0.80	64	64	27	12	11	0
7	0	-0.80	0	4	53	53	53	64
7	1	-0.80	0	0	0	0	0	0
7	2	-0.80	0	3	0	0	0	0
7	3	-0.80	0	6	0	0	0	0
7	4	-0.80	0	31	0	0	0	0
7	5	-0.80	64	20	11	11	11	0
8	0	-0.80	0	0	0	3	10	64
8	1	-0.80	0	0	0	1	16	0
8	2	-0.80	0	0	0	1	27	0
8	3	-0.80	0	0	0	1	11	0
8	4	-0.80	0	0	0	4	0	0
8	5	-0.80	64	64	64	54	0	0
0	0	-1.00	0	12	12	12	12	16
0	1	-1.00	0	0	0	0	1	0
0	2	-1.00	0	0	0	0	2	0
0	3	-1.00	0	0	0	0	1	0
0	4	-1.00	0	0	0	1	0	0
0	5	-1.00	16	4	4	3	0	0
1	0	-1.00	0	23	29	29	29	31
1	1	-1.00	0	0	0	0	0	1
1	2	-1.00	0	1	0	0	0	0
1	3	-1.00	0	4	0	0	0	0
1	4	-1.00	0	1	0	0	1	0
1	5	-1.00	32	3	3	3	2	0
2	0	-1.00	0	9	21	29	29	31
2	1	-1.00	0	3	0	1	1	1
2	2	-1.00	0	6	0	0	0	0
2	3	-1.00	0	0	0	0	0	0
2	4	-1.00	0	0	5	0	1	0
2	5	-1.00	32	14	6	2	1	0
3	0	-1.00	0	11	25	25	25	30
3	1	-1.00	0	0	0	0	0	2
3	2	-1.00	0	2	0	0	1	0
3	3	-1.00	0	3	0	0	0	0
3	4	-1.00	0	8	0	0	2	0
3	5	-1.00	32	8	7	7	4	0
4	0	-1.00	0	1	21	25	25	32
4	1	-1.00	0	0	0	0	0	0
4	2	-1.00	0	0	1	0	1	0
4	3	-1.00	0	0	0	0	1	0
4	4	-1.00	0	2	0	1	2	0
4	5	-1.00	32	29	10	6	3	0
5	0	-1.00	0	24	53	53	53	64
5	1	-1.00	0	0	0	0	0	0
5	2	-1.00	0	6	0	0	1	0
5	3	-1.00	0	11	0	0	1	0
5	4	-1.00	0	12	0	0	3	0
5	5	-1.00	64	11	11	11	6	0
6	0	-1.00	0	0	6	53	53	60
6	1	-1.00	0	0	3	0	0	3
6	2	-1.00	0	0	7	0	0	1
6	3	-1.00	0	0	10	0	0	0
6	4	-1.00	0	1	19	0	0	0
6	5	-1.00	64	63	19	11	11	0
7	0	-1.00	0	2	54	54	54	64
7	1	-1.00	0	0	0	0	0	0
7	2	-1.00	0	2	0	0	0	0
7	3	-1.00	0	5	0	0	0	0
7	4	-1.00	0	33	0	0	0	0
7	5	-1.00	64	22	10	10	10	0
8	0	-1.00	0	0	1	3	9	64
8	1	-1.00	0	0	0	0	17	0
8	2	-1.00	0	0	0	0	32	0
8	3	-1.00	0	0	0	2	6	0
8	4	-1.00	0	0	0	2	0	0
8	5	-1.00	64	64	63	57	0	0
0	0	-2.00	0	10	10	10	10	15
0	1	-2.00	0	0	0	0	0	1
0	2	-2.00	0	0	0	0	1	0
0	3	-2.00	0	0	0	0	3	0
0	4	-2.00	0	0	0	0	1	0
0	5	-2.00	16	6	6	6	1	0
1	0	-2.00	0	21	21	21	21	23
1	1	-2.00	0	0	1	1	1	0
1	2	-2.00	0	0	0	0	0	4
1	3	-2.00	0	0	0	0	0	3
1	4	-2.00	0	0	0	0	1	2
1	5	-2.00	32	11	10	10	9	0
2	0	-2.00	0	0	8	15	16	21
2	1	-2.00	0	0	0	0	1	2
2	2	-2.00	0	0	3	0	1	1
2	3	-2.00	0	0	1	0	1	5
2	4	-2.00	0	1	1	3	2	1
2	5	-2.00	32	31	19	14	11	2
3	0	-2.00	0	20	24	24	24	24
3	1	-2.00	0	0	0	0	0	3
3	2	-2.00	0	0	0	0	1	0
3	3	-2.00	0	0	0	0	0	1
3	4	-2.00	0	4	0	1	0	3
3	5	-2.00	32	8	8	7	7	1
4	0	-2.00	0	0	12	18	18	26
4	1	-2.00	0	0	0	0	1	3
4	2	-2.00	0	0	0	1	5	1
4	3	-2.00	0	0	2	0	2	0
4	4	-2.00	0	3	0	1	2	2
4	5	-2.00	32	29	18	12	4	0
5	0	-2.00	0	20	45	45	45	47
5	1	-2.00	0	0	0	0	0	3
5	2	-2.00	0	8	0	0	0	3
5	3	-2.00	0	5	0	0	1	4
5	4	-2.00	0	10	0	0	1	6
5	5	-2.00	64	21	19	19	17	1
6	0	-2.00	0	0	11	43	43	45
6	1	-2.00	0	0	1	0	0	0
6	2	-2.00	0	0	2	0	1	2
6	3	-2.00	0	0	9	0	0	0
6	4	-2.00	0	0	9	0	0	6
6	5	-2.00	64	64	32	21	20	11
7	0	-2.00	0	3	48	48	48	49
7	1	-2.00	0	0	0	1	1	3
7	2	-2.00	0	1	0	1	1	1
7	3	-2.00	0	14	0	0	0	4
7	4	-2.00	0	27	0	0	1	7
7	5	-2.00	64	19	16	14	13	0
8	0	-2.00	0	0	0	0	0	31
8	1	-2.00	0	0	0	0	4	32
8	2	-2.00	0	0	0	1	19	1
8	3	-2.00	0	0	0	2	17	0
8	4	-2.00	0	0	0	4	17	0
8	5	-2.00	64	64	64	57	7	0
0	0	-3.00	0	1	1	1	1	7
0	1	-3.00	0	0	0	0	0	0
0	2	-3.00	0	0	0	1	1	1
0	3	-3.00	0	0	0	0	0	3
0	4	-3.00	0	0	0	0	1	4
0	5	-3.00	16	15	15	14	13	1
1	0	-3.00	0	2	2	2	2	4
1	1	-3.00	0	0	0	0	1	1
1	2	-3.00	0	0	0	0	0	0
1	3	-3.00	0	0	0	0	1	0
1	4	-3.00	0	0	0	1	1	5
1	5	-3.00	32	30	30	29	27	22
2	0	-3.00	0	0	0	0	0	0
2	1	-3.00	0	0	0	0	0	0
2	2	-3.00	0	0	0	0	0	1
2	3	-3.00	0	0	0	0	0	0
2	4	-3.00	0	0	0	0	1	4
2	5	-3.00	32	32	32	32	31	27
3	0	-3.00	0	0	2	2	2	2
3	1	-3.00	0	0	0	0	0	0
3	2	-3.00	0	0	0	0	0	2
3	3	-3.00	0	2	0	0	0	1
3	4	-3.00	0	0	0	0	2	6
3	5	-3.00	32	30	30	30	28	21
4	0	-3.00	0	0	0	1	2	3
4	1	-3.00	0	0	0	0	1	1
4	2	-3.00	0	0	0	2	1	2
4	3	-3.00	0	0	0	1	1	3
4	4	-3.00	0	0	0	1	1	5
4	5	-3.00	32	32	32	27	26	18
5	0	-3.00	0	8	14	14	14	21
5	1	-3.00	0	0	0	2	6	3
5	2	-3.00	0	0	0	1	3	3
5	3	-3.00	0	3	0	2	1	7
5	4	-3.00	0	3	0	3	0	12
5	5	-3.00	64	50	50	42	40	18
6	0	-3.00	0	0	1	28	29	32
6	1	-3.00	0	0	0	1	3	0
6	2	-3.00	0	0	3	1	0	1
6	3	-3.00	0	0	2	1	0	1
6	4	-3.00	0	0	0	1	2	1
6	5	-3.00	64	64	58	32	30	29
7	0	-3.00	0	2	20	20	24	31
7	1	-3.00	0	0	0	1	4	1
7	2	-3.00	0	1	0	0	4	4
7	3	-3.00	0	8	0	1	1	3
7	4	-3.00	0	7	1	5	3	7
7	5	-3.00	64	46	43	37	28	18
8	0	-3.00	0	0	0	0	0	0
8	1	-3.00	0	0	0	0	0	2
8	2	-3.00	0	0	0	0	2	28
8	3	-3.00	0	0	0	3	11	29
8	4	-3.00	0	0	0	4	20	5
8	5	-3.00	64	64	64	57	31	0
0	0	-4.00	0	0	0	0	0	0
0	1	-4.00	0	0	0	0	0	0
0	2	-4.00	0	0	0	0	0	1
0	3	-4.00	0	0	0	0	0	1
0	4	-4.00	0	0	0	0	0	0
0	5	-4.00	16	16	16	16	16	14
1	0	-4.00	0	0	0	0	0	0
1	1	-4.00	0	0	0	0	0	0
1	2	-4.00	0	0	0	0	0	0
1	3	-4.00	0	0	0	0	0	0
1	4	-4.00	0	0	0	0	0	0
1	5	-4.00	32	32	32	32	32	32
2	0	-4.00	0	0	0	0	0	0
2	1	-4.00	0	0	0	0	0	0
2	2	-4.00	0	0	0	0	0	0
2	3	-4.00	0	0	0	0	0	0
2	4	-4.00	0	0	0	0	0	0
2	5	-4.00	32	32	32	32	32	32
3	0	-4.00	0	0	0	0	0	0
3	1	-4.00	0	0	0	0	0	0
3	2	-4.00	0	0	0	0	0	0
3	3	-4.00	0	0	0	0	0	0
3	4	-4.00	0	0	0	0	0	0
3	5	-4.00	32	32	32	32	32	32
4	0	-4.00	0	0	0	0	0	0
4	1	-4.00	0	0	0	0	0	0
4	2	-4.00	0	0	0	0	0	0
4	3	-4.00	0	0	0	0	0	0
4	4	-4.00	0	0	0	0	0	0
4	5	-4.00	32	32	32	32	32	32
5	0	-4.00	0	0	0	0	0	0
5	1	-4.00	0	0	0	0	0	0
5	2	-4.00	0	0	0	0	0	0
5	3	-4.00	0	0	0	0	0	0
5	4	-4.00	0	0	0	0	0	0
5	5	-4.00	64	64	64	64	64	64
6	0	-4.00	0	0	0	0	0	0
6	1	-4.00	0	0	0	0	0	0
6	2	-4.00	0	0	0	0	0	0
6	3	-4.00	0	0	0	0	0	0
6	4	-4.00	0	0	0	0	0	0
6	5	-4.00	64	64	64	64	64	64
7	0	-4.00	0	0	0	0	0	0
7	1	-4.00	0	0	0	0	0	0
7	2	-4.00	0	0	0	0	0	0
7	3	-4.00	0	0	0	0	0	1
7	4	-4.00	0	0	0	0	0	4
7	5	-4.00	64	64	64	64	64	59
8	0	-4.00	0	0	0	0	0	0
8	1	-4.00	0	0	0	0	0	0
8	2	-4.00	0	0	0	0	0	0
8	3	-4.00	0	0	0	0	0	0
8	4	-4.00	0	0	0	0	0	0
8	5	-4.00	64	64	64	64	64	64
