Layer_num	sz	alpha	tau_0	tau_e-5	tau_e-4	tau_e-3	tau_e-2	tau_e-1
0	0	-1.00	0	9	9	10	16	16
0	1	-1.00	0	0	0	0	0	0
0	2	-1.00	0	0	0	0	0	0
0	3	-1.00	0	0	0	0	0	0
0	4	-1.00	0	0	0	1	0	0
0	5	-1.00	16	7	7	5	0	0
1	0	-1.00	0	27	29	31	32	32
1	1	-1.00	0	0	0	0	0	0
1	2	-1.00	0	0	0	0	0	0
1	3	-1.00	0	0	0	0	0	0
1	4	-1.00	0	1	1	0	0	0
1	5	-1.00	32	4	2	1	0	0
2	0	-1.00	0	14	27	31	32	32
2	1	-1.00	0	0	0	0	0	0
2	2	-1.00	0	0	0	0	0	0
2	3	-1.00	0	0	1	0	0	0
2	4	-1.00	0	4	2	1	0	0
2	5	-1.00	32	14	2	0	0	0
3	0	-1.00	0	25	27	29	32	32
3	1	-1.00	0	0	0	0	0	0
3	2	-1.00	0	0	1	0	0	0
3	3	-1.00	0	0	0	0	0	0
3	4	-1.00	0	1	0	0	0	0
3	5	-1.00	32	6	4	3	0	0
4	0	-1.00	0	2	23	28	32	32
4	1	-1.00	0	1	0	0	0	0
4	2	-1.00	0	1	0	0	0	0
4	3	-1.00	0	1	1	0	0	0
4	4	-1.00	0	2	1	2	0	0
4	5	-1.00	32	25	7	2	0	0
5	0	-1.00	0	47	53	58	64	64
5	1	-1.00	0	0	0	0	0	0
5	2	-1.00	0	0	0	0	0	0
5	3	-1.00	0	2	1	0	0	0
5	4	-1.00	0	0	2	0	0	0
5	5	-1.00	64	15	8	6	0	0
6	0	-1.00	0	1	17	54	64	64
6	1	-1.00	0	0	0	0	0	0
6	2	-1.00	0	0	0	0	0	0
6	3	-1.00	0	1	0	0	0	0
6	4	-1.00	0	1	10	0	0	0
6	5	-1.00	64	61	37	10	0	0
7	0	-1.00	0	54	56	56	64	64
7	1	-1.00	0	0	0	0	0	0
7	2	-1.00	0	0	0	0	0	0
7	3	-1.00	0	0	0	0	0	0
7	4	-1.00	0	0	0	0	0	0
7	5	-1.00	64	10	8	8	0	0
8	0	-1.00	0	1	4	17	64	64
8	1	-1.00	0	0	0	2	0	0
8	2	-1.00	0	0	1	0	0	0
8	3	-1.00	0	0	1	7	0	0
8	4	-1.00	0	0	2	15	0	0
8	5	-1.00	64	63	56	23	0	0
0	0	-2.00	0	9	10	10	15	16
0	1	-2.00	0	0	0	0	0	0
0	2	-2.00	0	0	0	0	1	0
0	3	-2.00	0	0	0	0	0	0
0	4	-2.00	0	1	0	0	0	0
0	5	-2.00	16	6	6	6	0	0
1	0	-2.00	0	25	28	31	31	32
1	1	-2.00	0	0	1	0	0	0
1	2	-2.00	0	0	0	0	0	0
1	3	-2.00	0	0	1	0	1	0
1	4	-2.00	0	0	0	0	0	0
1	5	-2.00	32	7	2	1	0	0
2	0	-2.00	0	5	19	28	32	32
2	1	-2.00	0	0	0	0	0	0
2	2	-2.00	0	0	0	0	0	0
2	3	-2.00	0	0	3	0	0	0
2	4	-2.00	0	0	1	1	0	0
2	5	-2.00	32	27	9	3	0	0
3	0	-2.00	0	28	29	29	30	32
3	1	-2.00	0	0	0	0	0	0
3	2	-2.00	0	1	0	0	2	0
3	3	-2.00	0	0	0	0	0	0
3	4	-2.00	0	0	0	0	0	0
3	5	-2.00	32	3	3	3	0	0
4	0	-2.00	0	2	23	28	31	32
4	1	-2.00	0	0	1	0	0	0
4	2	-2.00	0	0	1	0	0	0
4	3	-2.00	0	1	1	0	1	0
4	4	-2.00	0	5	1	1	0	0
4	5	-2.00	32	24	5	3	0	0
5	0	-2.00	0	58	59	59	59	64
5	1	-2.00	0	0	0	0	0	0
5	2	-2.00	0	0	0	0	0	0
5	3	-2.00	0	1	0	0	3	0
5	4	-2.00	0	0	0	0	2	0
5	5	-2.00	64	5	5	5	0	0
6	0	-2.00	0	1	6	57	57	64
6	1	-2.00	0	0	1	0	0	0
6	2	-2.00	0	0	2	0	1	0
6	3	-2.00	0	0	1	0	3	0
6	4	-2.00	0	0	10	0	3	0
6	5	-2.00	64	63	44	7	0	0
7	0	-2.00	0	50	55	55	57	64
7	1	-2.00	0	0	0	0	0	0
7	2	-2.00	0	4	0	0	0	0
7	3	-2.00	0	1	0	0	5	0
7	4	-2.00	0	0	0	0	2	0
7	5	-2.00	64	9	9	9	0	0
8	0	-2.00	0	0	1	3	64	64
8	1	-2.00	0	0	0	1	0	0
8	2	-2.00	0	0	0	2	0	0
8	3	-2.00	0	0	0	2	0	0
8	4	-2.00	0	0	1	3	0	0
8	5	-2.00	64	64	62	53	0	0
0	0	-3.00	0	6	8	12	15	16
0	1	-3.00	0	0	0	0	1	0
0	2	-3.00	0	0	2	1	0	0
0	3	-3.00	0	0	0	0	0	0
0	4	-3.00	0	0	0	1	0	0
0	5	-3.00	16	10	6	2	0	0
1	0	-3.00	0	30	32	32	32	32
1	1	-3.00	0	0	0	0	0	0
1	2	-3.00	0	0	0	0	0	0
1	3	-3.00	0	0	0	0	0	0
1	4	-3.00	0	0	0	0	0	0
1	5	-3.00	32	2	0	0	0	0
2	0	-3.00	0	25	31	32	32	32
2	1	-3.00	0	0	0	0	0	0
2	2	-3.00	0	0	0	0	0	0
2	3	-3.00	0	0	1	0	0	0
2	4	-3.00	0	0	0	0	0	0
2	5	-3.00	32	7	0	0	0	0
3	0	-3.00	0	30	30	30	30	32
3	1	-3.00	0	0	0	0	0	0
3	2	-3.00	0	0	0	0	0	0
3	3	-3.00	0	0	0	0	0	0
3	4	-3.00	0	0	0	0	0	0
3	5	-3.00	32	2	2	2	2	0
4	0	-3.00	0	0	8	26	29	32
4	1	-3.00	0	0	0	0	0	0
4	2	-3.00	0	0	1	0	0	0
4	3	-3.00	0	0	1	0	0	0
4	4	-3.00	0	0	2	0	3	0
4	5	-3.00	32	32	20	6	0	0
5	0	-3.00	0	52	58	58	58	64
5	1	-3.00	0	0	0	0	0	0
5	2	-3.00	0	1	0	0	0	0
5	3	-3.00	0	3	0	0	1	0
5	4	-3.00	0	0	0	0	0	0
5	5	-3.00	64	8	6	6	5	0
6	0	-3.00	0	0	2	51	54	64
6	1	-3.00	0	0	0	0	0	0
6	2	-3.00	0	0	0	0	0	0
6	3	-3.00	0	0	2	0	0	0
6	4	-3.00	0	0	1	1	1	0
6	5	-3.00	64	64	59	12	9	0
7	0	-3.00	0	22	55	55	55	64
7	1	-3.00	0	2	0	0	0	0
7	2	-3.00	0	12	0	0	0	0
7	3	-3.00	0	12	0	0	0	0
7	4	-3.00	0	7	0	0	7	0
7	5	-3.00	64	9	9	9	2	0
8	0	-3.00	0	0	0	0	7	64
8	1	-3.00	0	0	0	0	2	0
8	2	-3.00	0	0	0	0	9	0
8	3	-3.00	0	0	0	1	42	0
8	4	-3.00	0	0	0	3	4	0
8	5	-3.00	64	64	64	60	0	0
