Layer_num	sz	alpha	tau_0	tau_e-5	tau_e-4	tau_e-3	tau_e-2	tau_e-1
0	0	-0.20	0	59	61	61	61	64
0	1	-0.20	0	0	0	0	2	0
0	2	-0.20	0	0	0	0	0	0
0	3	-0.20	0	1	0	0	1	0
0	4	-0.20	0	0	0	0	0	0
0	5	-0.20	0	0	0	1	0	0
0	6	-0.20	0	1	0	0	0	0
0	7	-0.20	0	0	0	0	0	0
0	8	-0.20	0	0	0	0	0	0
0	9	-0.20	0	0	0	2	0	0
0	10	-0.20	64	3	3	0	0	0
1	0	-0.20	0	0	59	59	59	63
1	1	-0.20	0	0	0	0	0	0
1	2	-0.20	0	0	0	0	0	0
1	3	-0.20	0	0	0	0	0	1
1	4	-0.20	0	0	0	0	0	0
1	5	-0.20	0	0	0	0	0	0
1	6	-0.20	0	0	0	0	0	0
1	7	-0.20	0	0	0	0	0	0
1	8	-0.20	0	0	0	0	1	0
1	9	-0.20	0	14	0	0	2	0
1	10	-0.20	64	50	5	5	2	0
2	0	-0.20	0	0	32	58	58	64
2	1	-0.20	0	0	1	0	0	0
2	2	-0.20	0	0	4	0	0	0
2	3	-0.20	0	0	4	0	0	0
2	4	-0.20	0	0	0	0	0	0
2	5	-0.20	0	0	2	0	0	0
2	6	-0.20	0	0	4	0	0	0
2	7	-0.20	0	0	6	0	1	0
2	8	-0.20	0	1	4	0	1	0
2	9	-0.20	0	1	1	0	3	0
2	10	-0.20	64	62	6	6	1	0
3	0	-0.20	0	0	57	57	57	64
3	1	-0.20	0	0	0	0	0	0
3	2	-0.20	0	0	0	0	0	0
3	3	-0.20	0	0	0	0	0	0
3	4	-0.20	0	0	0	0	0	0
3	5	-0.20	0	0	0	0	0	0
3	6	-0.20	0	0	0	0	0	0
3	7	-0.20	0	0	0	0	0	0
3	8	-0.20	0	0	0	0	2	0
3	9	-0.20	0	8	0	0	4	0
3	10	-0.20	64	56	7	7	1	0
4	0	-0.20	0	0	11	14	32	64
4	1	-0.20	0	0	0	1	20	0
4	2	-0.20	0	0	1	0	8	0
4	3	-0.20	0	0	0	1	3	0
4	4	-0.20	0	0	0	1	0	0
4	5	-0.20	0	0	0	2	1	0
4	6	-0.20	0	0	0	7	0	0
4	7	-0.20	0	0	0	8	0	0
4	8	-0.20	0	0	1	8	0	0
4	9	-0.20	0	0	0	9	0	0
4	10	-0.20	64	64	51	13	0	0
5	0	-0.20	0	0	64	64	64	64
5	1	-0.20	0	0	0	0	0	0
5	2	-0.20	0	0	0	0	0	0
5	3	-0.20	0	0	0	0	0	0
5	4	-0.20	0	0	0	0	0	0
5	5	-0.20	0	0	0	0	0	0
5	6	-0.20	0	0	0	0	0	0
5	7	-0.20	0	0	0	0	0	0
5	8	-0.20	0	0	0	0	0	0
5	9	-0.20	0	8	0	0	0	0
5	10	-0.20	64	56	0	0	0	0
6	0	-0.20	0	0	64	64	64	64
6	1	-0.20	0	0	0	0	0	0
6	2	-0.20	0	0	0	0	0	0
6	3	-0.20	0	0	0	0	0	0
6	4	-0.20	0	0	0	0	0	0
6	5	-0.20	0	0	0	0	0	0
6	6	-0.20	0	0	0	0	0	0
6	7	-0.20	0	0	0	0	0	0
6	8	-0.20	0	0	0	0	0	0
6	9	-0.20	0	10	0	0	0	0
6	10	-0.20	64	54	0	0	0	0
7	0	-0.20	0	0	64	64	64	64
7	1	-0.20	0	0	0	0	0	0
7	2	-0.20	0	0	0	0	0	0
7	3	-0.20	0	0	0	0	0	0
7	4	-0.20	0	0	0	0	0	0
7	5	-0.20	0	0	0	0	0	0
7	6	-0.20	0	0	0	0	0	0
7	7	-0.20	0	0	0	0	0	0
7	8	-0.20	0	0	0	0	0	0
7	9	-0.20	0	7	0	0	0	0
7	10	-0.20	64	57	0	0	0	0
8	0	-0.20	0	0	64	64	64	64
8	1	-0.20	0	0	0	0	0	0
8	2	-0.20	0	0	0	0	0	0
8	3	-0.20	0	0	0	0	0	0
8	4	-0.20	0	0	0	0	0	0
8	5	-0.20	0	0	0	0	0	0
8	6	-0.20	0	0	0	0	0	0
8	7	-0.20	0	0	0	0	0	0
8	8	-0.20	0	0	0	0	0	0
8	9	-0.20	0	13	0	0	0	0
8	10	-0.20	64	51	0	0	0	0
0	0	-0.40	0	60	61	61	61	64
0	1	-0.40	0	0	0	0	0	0
0	2	-0.40	0	0	0	0	2	0
0	3	-0.40	0	0	0	0	1	0
0	4	-0.40	0	0	0	0	0	0
0	5	-0.40	0	0	0	0	0	0
0	6	-0.40	0	0	0	0	0	0
0	7	-0.40	0	0	0	2	0	0
0	8	-0.40	0	0	0	0	0	0
0	9	-0.40	0	1	0	0	0	0
0	10	-0.40	64	3	3	1	0	0
1	0	-0.40	0	0	58	58	58	62
1	1	-0.40	0	0	0	0	0	1
1	2	-0.40	0	0	0	0	0	0
1	3	-0.40	0	0	0	0	0	1
1	4	-0.40	0	0	0	0	0	0
1	5	-0.40	0	0	0	0	0	0
1	6	-0.40	0	0	0	0	0	0
1	7	-0.40	0	0	0	0	0	0
1	8	-0.40	0	0	0	0	1	0
1	9	-0.40	0	12	0	0	2	0
1	10	-0.40	64	52	6	6	3	0
2	0	-0.40	0	0	16	55	58	64
2	1	-0.40	0	0	1	2	0	0
2	2	-0.40	0	0	1	0	0	0
2	3	-0.40	0	0	3	0	0	0
2	4	-0.40	0	0	3	0	0	0
2	5	-0.40	0	0	1	0	0	0
2	6	-0.40	0	0	3	0	0	0
2	7	-0.40	0	0	8	1	0	0
2	8	-0.40	0	0	3	0	0	0
2	9	-0.40	0	2	14	0	0	0
2	10	-0.40	64	62	11	6	6	0
3	0	-0.40	0	0	57	57	57	64
3	1	-0.40	0	0	0	0	0	0
3	2	-0.40	0	0	0	0	0	0
3	3	-0.40	0	0	0	0	0	0
3	4	-0.40	0	0	0	0	0	0
3	5	-0.40	0	0	0	0	0	0
3	6	-0.40	0	0	0	0	0	0
3	7	-0.40	0	0	0	0	0	0
3	8	-0.40	0	0	0	0	2	0
3	9	-0.40	0	3	0	0	3	0
3	10	-0.40	64	61	7	7	2	0
4	0	-0.40	0	0	7	11	33	64
4	1	-0.40	0	0	0	2	18	0
4	2	-0.40	0	0	0	2	8	0
4	3	-0.40	0	0	0	2	1	0
4	4	-0.40	0	0	0	1	3	0
4	5	-0.40	0	0	1	5	1	0
4	6	-0.40	0	0	0	1	0	0
4	7	-0.40	0	0	2	2	0	0
4	8	-0.40	0	0	1	7	0	0
4	9	-0.40	0	0	0	11	0	0
4	10	-0.40	64	64	53	20	0	0
5	0	-0.40	0	0	64	64	64	64
5	1	-0.40	0	0	0	0	0	0
5	2	-0.40	0	0	0	0	0	0
5	3	-0.40	0	0	0	0	0	0
5	4	-0.40	0	0	0	0	0	0
5	5	-0.40	0	0	0	0	0	0
5	6	-0.40	0	0	0	0	0	0
5	7	-0.40	0	0	0	0	0	0
5	8	-0.40	0	0	0	0	0	0
5	9	-0.40	0	7	0	0	0	0
5	10	-0.40	64	57	0	0	0	0
6	0	-0.40	0	0	64	64	64	64
6	1	-0.40	0	0	0	0	0	0
6	2	-0.40	0	0	0	0	0	0
6	3	-0.40	0	0	0	0	0	0
6	4	-0.40	0	0	0	0	0	0
6	5	-0.40	0	0	0	0	0	0
6	6	-0.40	0	0	0	0	0	0
6	7	-0.40	0	0	0	0	0	0
6	8	-0.40	0	1	0	0	0	0
6	9	-0.40	0	9	0	0	0	0
6	10	-0.40	64	54	0	0	0	0
7	0	-0.40	0	0	64	64	64	64
7	1	-0.40	0	0	0	0	0	0
7	2	-0.40	0	0	0	0	0	0
7	3	-0.40	0	0	0	0	0	0
7	4	-0.40	0	0	0	0	0	0
7	5	-0.40	0	0	0	0	0	0
7	6	-0.40	0	0	0	0	0	0
7	7	-0.40	0	0	0	0	0	0
7	8	-0.40	0	0	0	0	0	0
7	9	-0.40	0	8	0	0	0	0
7	10	-0.40	64	56	0	0	0	0
8	0	-0.40	0	0	64	64	64	64
8	1	-0.40	0	0	0	0	0	0
8	2	-0.40	0	0	0	0	0	0
8	3	-0.40	0	0	0	0	0	0
8	4	-0.40	0	0	0	0	0	0
8	5	-0.40	0	0	0	0	0	0
8	6	-0.40	0	0	0	0	0	0
8	7	-0.40	0	0	0	0	0	0
8	8	-0.40	0	3	0	0	0	0
8	9	-0.40	0	8	0	0	0	0
8	10	-0.40	64	53	0	0	0	0
0	0	-0.60	0	62	62	62	62	64
0	1	-0.60	0	0	0	0	0	0
0	2	-0.60	0	0	0	0	1	0
0	3	-0.60	0	0	0	0	0	0
0	4	-0.60	0	0	0	0	1	0
0	5	-0.60	0	0	0	0	0	0
0	6	-0.60	0	0	0	1	0	0
0	7	-0.60	0	0	0	0	0	0
0	8	-0.60	0	0	0	0	0	0
0	9	-0.60	0	0	0	1	0	0
0	10	-0.60	64	2	2	0	0	0
1	0	-0.60	0	0	56	56	56	60
1	1	-0.60	0	0	0	0	0	2
1	2	-0.60	0	0	0	0	0	1
1	3	-0.60	0	0	0	0	0	1
1	4	-0.60	0	0	0	0	0	0
1	5	-0.60	0	0	0	0	0	0
1	6	-0.60	0	0	0	0	0	0
1	7	-0.60	0	0	0	0	3	0
1	8	-0.60	0	0	0	0	1	0
1	9	-0.60	0	11	0	0	2	0
1	10	-0.60	64	53	8	8	2	0
2	0	-0.60	0	0	20	53	58	61
2	1	-0.60	0	0	0	1	0	1
2	2	-0.60	0	0	0	0	0	1
2	3	-0.60	0	0	5	0	0	0
2	4	-0.60	0	0	2	1	0	1
2	5	-0.60	0	0	3	0	0	0
2	6	-0.60	0	0	5	1	1	0
2	7	-0.60	0	0	2	1	0	0
2	8	-0.60	0	0	2	1	0	0
2	9	-0.60	0	3	8	0	0	0
2	10	-0.60	64	61	17	6	5	0
3	0	-0.60	0	0	58	58	58	64
3	1	-0.60	0	0	0	0	0	0
3	2	-0.60	0	0	0	0	0	0
3	3	-0.60	0	0	0	0	0	0
3	4	-0.60	0	0	0	0	0	0
3	5	-0.60	0	0	0	0	0	0
3	6	-0.60	0	0	0	0	1	0
3	7	-0.60	0	0	0	0	0	0
3	8	-0.60	0	1	0	0	2	0
3	9	-0.60	0	2	0	0	1	0
3	10	-0.60	64	61	6	6	2	0
4	0	-0.60	0	0	16	50	51	63
4	1	-0.60	0	0	0	0	4	1
4	2	-0.60	0	0	1	0	2	0
4	3	-0.60	0	0	0	1	2	0
4	4	-0.60	0	0	1	0	2	0
4	5	-0.60	0	0	0	1	1	0
4	6	-0.60	0	0	0	0	1	0
4	7	-0.60	0	0	7	2	0	0
4	8	-0.60	0	0	4	0	1	0
4	9	-0.60	0	3	9	3	0	0
4	10	-0.60	64	61	26	7	0	0
5	0	-0.60	0	0	64	64	64	64
5	1	-0.60	0	0	0	0	0	0
5	2	-0.60	0	0	0	0	0	0
5	3	-0.60	0	0	0	0	0	0
5	4	-0.60	0	0	0	0	0	0
5	5	-0.60	0	0	0	0	0	0
5	6	-0.60	0	0	0	0	0	0
5	7	-0.60	0	0	0	0	0	0
5	8	-0.60	0	0	0	0	0	0
5	9	-0.60	0	8	0	0	0	0
5	10	-0.60	64	56	0	0	0	0
6	0	-0.60	0	0	64	64	64	64
6	1	-0.60	0	0	0	0	0	0
6	2	-0.60	0	0	0	0	0	0
6	3	-0.60	0	0	0	0	0	0
6	4	-0.60	0	0	0	0	0	0
6	5	-0.60	0	0	0	0	0	0
6	6	-0.60	0	0	0	0	0	0
6	7	-0.60	0	0	0	0	0	0
6	8	-0.60	0	0	0	0	0	0
6	9	-0.60	0	10	0	0	0	0
6	10	-0.60	64	54	0	0	0	0
7	0	-0.60	0	0	57	57	57	64
7	1	-0.60	0	0	0	0	0	0
7	2	-0.60	0	0	0	0	0	0
7	3	-0.60	0	0	0	0	0	0
7	4	-0.60	0	0	0	0	0	0
7	5	-0.60	0	0	0	0	0	0
7	6	-0.60	0	0	0	0	1	0
7	7	-0.60	0	0	0	0	0	0
7	8	-0.60	0	0	0	0	1	0
7	9	-0.60	0	4	0	0	4	0
7	10	-0.60	64	60	7	7	1	0
8	0	-0.60	0	0	12	20	32	64
8	1	-0.60	0	0	0	0	12	0
8	2	-0.60	0	0	0	1	13	0
8	3	-0.60	0	0	1	1	4	0
8	4	-0.60	0	0	0	2	2	0
8	5	-0.60	0	0	0	3	0	0
8	6	-0.60	0	0	1	6	0	0
8	7	-0.60	0	0	0	6	1	0
8	8	-0.60	0	0	0	9	0	0
8	9	-0.60	0	0	2	6	0	0
8	10	-0.60	64	64	48	10	0	0
0	0	-0.80	0	62	63	63	63	64
0	1	-0.80	0	0	0	0	1	0
0	2	-0.80	0	0	0	0	0	0
0	3	-0.80	0	0	0	0	0	0
0	4	-0.80	0	0	0	0	0	0
0	5	-0.80	0	0	0	1	0	0
0	6	-0.80	0	0	0	0	0	0
0	7	-0.80	0	1	0	0	0	0
0	8	-0.80	0	0	0	0	0	0
0	9	-0.80	0	0	0	0	0	0
0	10	-0.80	64	1	1	0	0	0
1	0	-0.80	0	0	56	56	56	58
1	1	-0.80	0	0	0	0	0	0
1	2	-0.80	0	0	0	0	0	3
1	3	-0.80	0	0	0	0	0	2
1	4	-0.80	0	0	0	0	0	1
1	5	-0.80	0	0	0	0	0	0
1	6	-0.80	0	0	0	0	0	0
1	7	-0.80	0	0	0	0	0	0
1	8	-0.80	0	0	0	0	1	0
1	9	-0.80	0	12	0	0	6	0
1	10	-0.80	64	52	8	8	1	0
2	0	-0.80	0	0	25	53	57	59
2	1	-0.80	0	0	1	0	1	1
2	2	-0.80	0	0	2	0	0	2
2	3	-0.80	0	0	4	2	0	1
2	4	-0.80	0	0	2	1	0	0
2	5	-0.80	0	0	3	0	0	0
2	6	-0.80	0	0	3	0	0	1
2	7	-0.80	0	0	4	1	0	0
2	8	-0.80	0	0	4	0	0	0
2	9	-0.80	0	3	3	0	1	0
2	10	-0.80	64	61	13	7	5	0
3	0	-0.80	0	0	56	56	56	61
3	1	-0.80	0	0	0	0	0	3
3	2	-0.80	0	0	0	0	0	0
3	3	-0.80	0	0	0	0	0	0
3	4	-0.80	0	0	0	0	1	0
3	5	-0.80	0	0	0	0	0	0
3	6	-0.80	0	0	0	0	1	0
3	7	-0.80	0	0	0	0	0	0
3	8	-0.80	0	0	0	0	0	0
3	9	-0.80	0	8	0	0	1	0
3	10	-0.80	64	56	8	8	5	0
4	0	-0.80	0	0	20	55	55	59
4	1	-0.80	0	0	0	0	1	5
4	2	-0.80	0	0	1	1	1	0
4	3	-0.80	0	0	0	0	2	0
4	4	-0.80	0	0	2	0	3	0
4	5	-0.80	0	0	3	0	1	0
4	6	-0.80	0	0	2	0	0	0
4	7	-0.80	0	0	3	0	0	0
4	8	-0.80	0	0	3	0	1	0
4	9	-0.80	0	6	15	3	0	0
4	10	-0.80	64	58	15	5	0	0
5	0	-0.80	0	0	64	64	64	64
5	1	-0.80	0	0	0	0	0	0
5	2	-0.80	0	0	0	0	0	0
5	3	-0.80	0	0	0	0	0	0
5	4	-0.80	0	0	0	0	0	0
5	5	-0.80	0	0	0	0	0	0
5	6	-0.80	0	0	0	0	0	0
5	7	-0.80	0	0	0	0	0	0
5	8	-0.80	0	0	0	0	0	0
5	9	-0.80	0	12	0	0	0	0
5	10	-0.80	64	52	0	0	0	0
6	0	-0.80	0	0	64	64	64	64
6	1	-0.80	0	0	0	0	0	0
6	2	-0.80	0	0	0	0	0	0
6	3	-0.80	0	0	0	0	0	0
6	4	-0.80	0	0	0	0	0	0
6	5	-0.80	0	0	0	0	0	0
6	6	-0.80	0	0	0	0	0	0
6	7	-0.80	0	0	0	0	0	0
6	8	-0.80	0	2	0	0	0	0
6	9	-0.80	0	12	0	0	0	0
6	10	-0.80	64	50	0	0	0	0
7	0	-0.80	0	0	54	54	54	64
7	1	-0.80	0	0	0	0	0	0
7	2	-0.80	0	0	0	0	0	0
7	3	-0.80	0	0	0	0	0	0
7	4	-0.80	0	0	0	0	0	0
7	5	-0.80	0	0	0	0	0	0
7	6	-0.80	0	0	0	0	0	0
7	7	-0.80	0	0	0	0	2	0
7	8	-0.80	0	0	0	0	1	0
7	9	-0.80	0	4	0	0	7	0
7	10	-0.80	64	60	10	10	0	0
8	0	-0.80	0	0	18	19	25	64
8	1	-0.80	0	0	0	0	11	0
8	2	-0.80	0	0	0	2	12	0
8	3	-0.80	0	0	0	1	11	0
8	4	-0.80	0	0	0	4	1	0
8	5	-0.80	0	0	0	2	2	0
8	6	-0.80	0	0	0	4	1	0
8	7	-0.80	0	0	0	3	1	0
8	8	-0.80	0	0	2	6	0	0
8	9	-0.80	0	5	2	4	0	0
8	10	-0.80	64	59	42	19	0	0
0	0	-1.00	0	62	63	63	63	63
0	1	-1.00	0	0	0	0	1	1
0	2	-1.00	0	0	0	0	0	0
0	3	-1.00	0	0	0	0	0	0
0	4	-1.00	0	0	0	1	0	0
0	5	-1.00	0	0	0	0	0	0
0	6	-1.00	0	0	0	0	0	0
0	7	-1.00	0	0	0	0	0	0
0	8	-1.00	0	0	0	0	0	0
0	9	-1.00	0	0	0	0	0	0
0	10	-1.00	64	2	1	0	0	0
1	0	-1.00	0	0	52	52	52	58
1	1	-1.00	0	0	0	0	0	0
1	2	-1.00	0	0	0	0	0	3
1	3	-1.00	0	0	0	0	0	1
1	4	-1.00	0	0	0	0	0	1
1	5	-1.00	0	0	0	0	0	1
1	6	-1.00	0	0	0	0	0	0
1	7	-1.00	0	0	0	0	1	0
1	8	-1.00	0	0	0	0	2	0
1	9	-1.00	0	11	0	0	2	0
1	10	-1.00	64	53	12	12	7	0
2	0	-1.00	0	0	28	54	56	57
2	1	-1.00	0	0	2	1	1	2
2	2	-1.00	0	0	1	0	0	1
2	3	-1.00	0	0	5	0	2	0
2	4	-1.00	0	0	2	0	0	0
2	5	-1.00	0	0	5	1	0	0
2	6	-1.00	0	0	5	0	0	3
2	7	-1.00	0	0	0	0	0	0
2	8	-1.00	0	0	2	1	0	1
2	9	-1.00	0	3	1	2	0	0
2	10	-1.00	64	61	13	5	5	0
3	0	-1.00	0	0	57	57	57	57
3	1	-1.00	0	0	0	0	0	4
3	2	-1.00	0	0	0	0	0	2
3	3	-1.00	0	0	0	0	0	1
3	4	-1.00	0	0	0	0	0	0
3	5	-1.00	0	0	0	0	0	0
3	6	-1.00	0	0	0	0	0	0
3	7	-1.00	0	0	0	0	1	0
3	8	-1.00	0	0	0	0	0	0
3	9	-1.00	0	5	0	0	1	0
3	10	-1.00	64	59	7	7	5	0
4	0	-1.00	0	0	11	54	55	58
4	1	-1.00	0	0	2	0	0	6
4	2	-1.00	0	0	2	0	1	0
4	3	-1.00	0	0	2	0	2	0
4	4	-1.00	0	0	3	0	2	0
4	5	-1.00	0	0	5	0	0	0
4	6	-1.00	0	0	3	0	1	0
4	7	-1.00	0	0	6	0	0	0
4	8	-1.00	0	0	8	2	0	0
4	9	-1.00	0	4	6	2	3	0
4	10	-1.00	64	60	16	6	0	0
5	0	-1.00	0	0	64	64	64	64
5	1	-1.00	0	0	0	0	0	0
5	2	-1.00	0	0	0	0	0	0
5	3	-1.00	0	0	0	0	0	0
5	4	-1.00	0	0	0	0	0	0
5	5	-1.00	0	0	0	0	0	0
5	6	-1.00	0	0	0	0	0	0
5	7	-1.00	0	0	0	0	0	0
5	8	-1.00	0	0	0	0	0	0
5	9	-1.00	0	3	0	0	0	0
5	10	-1.00	64	61	0	0	0	0
6	0	-1.00	0	0	64	64	64	64
6	1	-1.00	0	0	0	0	0	0
6	2	-1.00	0	0	0	0	0	0
6	3	-1.00	0	0	0	0	0	0
6	4	-1.00	0	0	0	0	0	0
6	5	-1.00	0	0	0	0	0	0
6	6	-1.00	0	0	0	0	0	0
6	7	-1.00	0	0	0	0	0	0
6	8	-1.00	0	0	0	0	0	0
6	9	-1.00	0	13	0	0	0	0
6	10	-1.00	64	51	0	0	0	0
7	0	-1.00	0	0	54	54	54	63
7	1	-1.00	0	0	0	0	0	1
7	2	-1.00	0	0	0	0	0	0
7	3	-1.00	0	0	0	0	0	0
7	4	-1.00	0	0	0	0	0	0
7	5	-1.00	0	0	0	0	0	0
7	6	-1.00	0	0	0	0	0	0
7	7	-1.00	0	0	0	0	0	0
7	8	-1.00	0	0	0	0	1	0
7	9	-1.00	0	6	0	0	5	0
7	10	-1.00	64	58	10	10	4	0
8	0	-1.00	0	0	10	11	17	64
8	1	-1.00	0	0	0	1	12	0
8	2	-1.00	0	0	0	0	23	0
8	3	-1.00	0	0	0	1	8	0
8	4	-1.00	0	0	0	3	1	0
8	5	-1.00	0	0	0	2	1	0
8	6	-1.00	0	0	0	4	0	0
8	7	-1.00	0	0	0	5	1	0
8	8	-1.00	0	0	1	8	1	0
8	9	-1.00	0	2	0	11	0	0
8	10	-1.00	64	62	53	18	0	0
0	0	-2.00	0	57	57	57	57	60
0	1	-2.00	0	0	0	0	1	0
0	2	-2.00	0	0	0	0	0	1
0	3	-2.00	0	0	0	0	0	3
0	4	-2.00	0	0	0	0	1	0
0	5	-2.00	0	0	0	0	1	0
0	6	-2.00	0	0	0	0	3	0
0	7	-2.00	0	0	0	0	0	0
0	8	-2.00	0	0	0	2	1	0
0	9	-2.00	0	0	0	2	0	0
0	10	-2.00	64	7	7	3	0	0
1	0	-2.00	0	0	51	51	51	51
1	1	-2.00	0	0	0	0	0	0
1	2	-2.00	0	0	0	0	0	0
1	3	-2.00	0	0	0	0	0	1
1	4	-2.00	0	0	0	0	0	0
1	5	-2.00	0	0	0	0	0	0
1	6	-2.00	0	0	0	0	0	0
1	7	-2.00	0	0	0	0	0	1
1	8	-2.00	0	1	0	0	0	2
1	9	-2.00	0	24	0	0	0	2
1	10	-2.00	64	39	13	13	13	7
2	0	-2.00	0	0	8	46	49	49
2	1	-2.00	0	0	0	1	0	1
2	2	-2.00	0	0	0	0	1	0
2	3	-2.00	0	0	1	0	0	0
2	4	-2.00	0	0	2	0	0	0
2	5	-2.00	0	0	2	1	0	1
2	6	-2.00	0	0	6	0	0	1
2	7	-2.00	0	0	3	1	0	0
2	8	-2.00	0	0	7	1	0	1
2	9	-2.00	0	0	6	0	0	5
2	10	-2.00	64	64	29	14	14	6
3	0	-2.00	0	0	54	54	54	54
3	1	-2.00	0	0	0	0	0	0
3	2	-2.00	0	0	0	0	0	0
3	3	-2.00	0	0	0	0	0	0
3	4	-2.00	0	0	0	0	0	1
3	5	-2.00	0	0	0	0	0	0
3	6	-2.00	0	0	0	0	0	0
3	7	-2.00	0	0	0	0	0	0
3	8	-2.00	0	1	0	0	0	0
3	9	-2.00	0	13	0	0	1	6
3	10	-2.00	64	50	10	10	9	3
4	0	-2.00	0	0	6	49	53	53
4	1	-2.00	0	0	1	2	0	1
4	2	-2.00	0	0	1	1	0	0
4	3	-2.00	0	0	1	1	1	0
4	4	-2.00	0	0	0	0	0	2
4	5	-2.00	0	0	1	0	0	4
4	6	-2.00	0	0	0	0	0	2
4	7	-2.00	0	0	1	1	0	1
4	8	-2.00	0	0	10	0	0	1
4	9	-2.00	0	0	5	0	3	0
4	10	-2.00	64	64	38	10	7	0
5	0	-2.00	0	0	54	54	54	54
5	1	-2.00	0	0	0	0	0	4
5	2	-2.00	0	0	0	0	0	4
5	3	-2.00	0	0	0	0	0	2
5	4	-2.00	0	0	0	0	0	0
5	5	-2.00	0	0	0	0	0	0
5	6	-2.00	0	0	0	0	0	0
5	7	-2.00	0	0	0	0	2	0
5	8	-2.00	0	0	0	0	0	0
5	9	-2.00	0	6	0	0	2	0
5	10	-2.00	64	58	10	10	6	0
6	0	-2.00	0	0	1	3	8	28
6	1	-2.00	0	0	0	2	6	31
6	2	-2.00	0	0	0	3	6	5
6	3	-2.00	0	0	0	1	2	0
6	4	-2.00	0	0	0	0	5	0
6	5	-2.00	0	0	1	4	9	0
6	6	-2.00	0	0	0	2	5	0
6	7	-2.00	0	0	0	3	4	0
6	8	-2.00	0	0	2	0	5	0
6	9	-2.00	0	0	3	7	11	0
6	10	-2.00	64	64	57	39	3	0
7	0	-2.00	0	0	64	64	64	64
7	1	-2.00	0	0	0	0	0	0
7	2	-2.00	0	0	0	0	0	0
7	3	-2.00	0	0	0	0	0	0
7	4	-2.00	0	0	0	0	0	0
7	5	-2.00	0	0	0	0	0	0
7	6	-2.00	0	0	0	0	0	0
7	7	-2.00	0	0	0	0	0	0
7	8	-2.00	0	0	0	0	0	0
7	9	-2.00	0	7	0	0	0	0
7	10	-2.00	64	57	0	0	0	0
8	0	-2.00	0	0	64	64	64	64
8	1	-2.00	0	0	0	0	0	0
8	2	-2.00	0	0	0	0	0	0
8	3	-2.00	0	0	0	0	0	0
8	4	-2.00	0	0	0	0	0	0
8	5	-2.00	0	0	0	0	0	0
8	6	-2.00	0	0	0	0	0	0
8	7	-2.00	0	1	0	0	0	0
8	8	-2.00	0	2	0	0	0	0
8	9	-2.00	0	29	0	0	0	0
8	10	-2.00	64	32	0	0	0	0
0	0	-3.00	0	48	48	48	48	49
0	1	-3.00	0	0	0	0	0	4
0	2	-3.00	0	0	0	0	0	0
0	3	-3.00	0	0	0	0	1	1
0	4	-3.00	0	0	0	0	0	2
0	5	-3.00	0	0	0	1	0	3
0	6	-3.00	0	0	0	0	1	3
0	7	-3.00	0	0	0	0	1	2
0	8	-3.00	0	0	0	1	5	0
0	9	-3.00	0	0	0	5	3	0
0	10	-3.00	64	16	16	9	5	0
1	0	-3.00	0	0	31	31	31	32
1	1	-3.00	0	0	1	1	1	2
1	2	-3.00	0	0	0	0	2	4
1	3	-3.00	0	0	0	1	0	0
1	4	-3.00	0	0	0	1	1	0
1	5	-3.00	0	0	0	0	0	0
1	6	-3.00	0	0	0	0	1	0
1	7	-3.00	0	1	1	0	2	2
1	8	-3.00	0	5	0	0	0	0
1	9	-3.00	0	17	0	1	0	0
1	10	-3.00	64	41	31	29	26	24
2	0	-3.00	0	0	12	30	31	32
2	1	-3.00	0	0	1	1	2	3
2	2	-3.00	0	0	3	1	2	2
2	3	-3.00	0	0	0	1	1	1
2	4	-3.00	0	0	2	1	2	0
2	5	-3.00	0	0	2	1	0	1
2	6	-3.00	0	0	3	1	0	0
2	7	-3.00	0	0	2	2	0	0
2	8	-3.00	0	0	1	0	1	1
2	9	-3.00	0	0	4	0	0	4
2	10	-3.00	64	64	34	26	25	20
3	0	-3.00	0	0	45	45	45	45
3	1	-3.00	0	0	0	0	0	0
3	2	-3.00	0	0	0	0	0	0
3	3	-3.00	0	0	0	0	0	0
3	4	-3.00	0	0	0	0	0	2
3	5	-3.00	0	0	0	0	0	1
3	6	-3.00	0	0	0	0	0	0
3	7	-3.00	0	0	0	0	1	1
3	8	-3.00	0	1	0	0	2	1
3	9	-3.00	0	14	0	1	0	1
3	10	-3.00	64	49	19	18	16	13
4	0	-3.00	0	0	8	36	40	44
4	1	-3.00	0	0	1	4	5	1
4	2	-3.00	0	0	0	0	0	2
4	3	-3.00	0	0	2	4	2	1
4	4	-3.00	0	0	6	1	1	0
4	5	-3.00	0	0	4	1	0	2
4	6	-3.00	0	0	5	0	0	2
4	7	-3.00	0	0	5	1	1	0
4	8	-3.00	0	0	2	0	1	2
4	9	-3.00	0	0	6	0	1	1
4	10	-3.00	64	64	25	17	13	9
5	0	-3.00	0	0	47	47	47	48
5	1	-3.00	0	0	0	0	0	0
5	2	-3.00	0	0	0	0	0	2
5	3	-3.00	0	0	0	0	2	2
5	4	-3.00	0	0	0	1	1	0
5	5	-3.00	0	0	0	0	2	0
5	6	-3.00	0	0	0	0	0	1
5	7	-3.00	0	0	0	0	0	3
5	8	-3.00	0	1	0	1	0	4
5	9	-3.00	0	13	0	1	1	3
5	10	-3.00	64	50	17	14	11	1
6	0	-3.00	0	0	0	2	2	4
6	1	-3.00	0	0	0	1	1	5
6	2	-3.00	0	0	0	0	2	7
6	3	-3.00	0	0	1	2	4	21
6	4	-3.00	0	0	0	0	6	15
6	5	-3.00	0	0	0	2	3	10
6	6	-3.00	0	0	0	2	11	2
6	7	-3.00	0	0	1	3	9	0
6	8	-3.00	0	0	1	3	7	0
6	9	-3.00	0	0	1	15	11	0
6	10	-3.00	64	64	60	34	8	0
7	0	-3.00	0	0	64	64	64	64
7	1	-3.00	0	0	0	0	0	0
7	2	-3.00	0	0	0	0	0	0
7	3	-3.00	0	0	0	0	0	0
7	4	-3.00	0	0	0	0	0	0
7	5	-3.00	0	0	0	0	0	0
7	6	-3.00	0	0	0	0	0	0
7	7	-3.00	0	0	0	0	0	0
7	8	-3.00	0	0	0	0	0	0
7	9	-3.00	0	3	0	0	0	0
7	10	-3.00	64	61	0	0	0	0
8	0	-3.00	0	0	64	64	64	64
8	1	-3.00	0	0	0	0	0	0
8	2	-3.00	0	0	0	0	0	0
8	3	-3.00	0	0	0	0	0	0
8	4	-3.00	0	0	0	0	0	0
8	5	-3.00	0	0	0	0	0	0
8	6	-3.00	0	0	0	0	0	0
8	7	-3.00	0	0	0	0	0	0
8	8	-3.00	0	3	0	0	0	0
8	9	-3.00	0	40	0	0	0	0
8	10	-3.00	64	21	0	0	0	0
0	0	-4.00	0	12	12	12	14	20
0	1	-4.00	0	3	3	3	3	1
0	2	-4.00	0	0	1	1	1	0
0	3	-4.00	0	1	1	1	0	1
0	4	-4.00	0	0	0	1	1	5
0	5	-4.00	0	0	0	0	0	2
0	6	-4.00	0	0	0	2	1	3
0	7	-4.00	0	0	0	0	2	3
0	8	-4.00	0	0	1	1	3	6
0	9	-4.00	0	0	1	3	3	11
0	10	-4.00	64	48	45	40	36	12
1	0	-4.00	0	0	1	1	1	2
1	1	-4.00	0	0	0	1	1	2
1	2	-4.00	0	0	2	1	2	1
1	3	-4.00	0	0	0	0	1	1
1	4	-4.00	0	0	0	0	0	1
1	5	-4.00	0	0	0	0	1	0
1	6	-4.00	0	0	0	0	0	0
1	7	-4.00	0	0	0	1	1	0
1	8	-4.00	0	0	0	1	0	0
1	9	-4.00	0	1	0	1	0	1
1	10	-4.00	64	63	61	58	57	56
2	0	-4.00	0	0	0	2	2	2
2	1	-4.00	0	0	1	0	0	0
2	2	-4.00	0	0	0	0	0	2
2	3	-4.00	0	0	0	1	2	0
2	4	-4.00	0	0	0	1	0	0
2	5	-4.00	0	0	0	0	0	0
2	6	-4.00	0	0	0	0	0	0
2	7	-4.00	0	0	0	0	0	1
2	8	-4.00	0	0	0	0	1	0
2	9	-4.00	0	0	0	1	0	1
2	10	-4.00	64	64	63	59	59	58
3	0	-4.00	0	0	7	7	7	12
3	1	-4.00	0	0	0	0	0	0
3	2	-4.00	0	0	0	0	1	2
3	3	-4.00	0	0	0	0	0	1
3	4	-4.00	0	0	0	0	2	2
3	5	-4.00	0	0	0	0	1	0
3	6	-4.00	0	0	0	0	1	1
3	7	-4.00	0	0	0	0	0	1
3	8	-4.00	0	0	0	2	2	1
3	9	-4.00	0	2	0	3	1	0
3	10	-4.00	64	62	57	52	49	44
4	0	-4.00	0	0	2	17	17	19
4	1	-4.00	0	0	0	2	2	1
4	2	-4.00	0	0	2	1	1	2
4	3	-4.00	0	0	0	3	3	2
4	4	-4.00	0	0	0	1	2	3
4	5	-4.00	0	0	3	1	2	3
4	6	-4.00	0	0	4	3	3	1
4	7	-4.00	0	0	3	1	1	3
4	8	-4.00	0	0	3	2	0	0
4	9	-4.00	0	0	4	0	3	2
4	10	-4.00	64	64	43	33	30	28
5	0	-4.00	0	0	11	11	11	14
5	1	-4.00	0	0	0	1	6	4
5	2	-4.00	0	0	0	1	1	4
5	3	-4.00	0	0	0	1	4	1
5	4	-4.00	0	0	0	0	1	0
5	5	-4.00	0	0	0	1	0	5
5	6	-4.00	0	0	0	3	4	2
5	7	-4.00	0	0	0	5	3	3
5	8	-4.00	0	0	0	2	4	5
5	9	-4.00	0	3	0	6	1	8
5	10	-4.00	64	61	53	33	29	18
6	0	-4.00	0	0	0	0	0	0
6	1	-4.00	0	0	0	0	0	0
6	2	-4.00	0	0	0	0	0	0
6	3	-4.00	0	0	0	0	0	1
6	4	-4.00	0	0	0	0	1	0
6	5	-4.00	0	0	0	2	2	5
6	6	-4.00	0	0	0	0	0	10
6	7	-4.00	0	0	0	3	9	8
6	8	-4.00	0	0	0	7	9	12
6	9	-4.00	0	0	0	10	11	23
6	10	-4.00	64	64	64	42	32	5
7	0	-4.00	0	0	63	63	63	64
7	1	-4.00	0	0	1	1	1	0
7	2	-4.00	0	0	0	0	0	0
7	3	-4.00	0	0	0	0	0	0
7	4	-4.00	0	0	0	0	0	0
7	5	-4.00	0	0	0	0	0	0
7	6	-4.00	0	0	0	0	0	0
7	7	-4.00	0	0	0	0	0	0
7	8	-4.00	0	1	0	0	0	0
7	9	-4.00	0	11	0	0	0	0
7	10	-4.00	64	52	0	0	0	0
8	0	-4.00	0	0	64	64	64	64
8	1	-4.00	0	0	0	0	0	0
8	2	-4.00	0	0	0	0	0	0
8	3	-4.00	0	0	0	0	0	0
8	4	-4.00	0	0	0	0	0	0
8	5	-4.00	0	0	0	0	0	0
8	6	-4.00	0	0	0	0	0	0
8	7	-4.00	0	0	0	0	0	0
8	8	-4.00	0	4	0	0	0	0
8	9	-4.00	0	35	0	0	0	0
8	10	-4.00	64	25	0	0	0	0
