Layer_num	sz	alpha	tau_0	tau_e-5	tau_e-4	tau_e-3	tau_e-2	tau_e-1
0	0	-1.00	0	10	10	10	10	16
0	1	-1.00	0	0	0	0	0	0
0	2	-1.00	0	0	0	0	0	0
0	3	-1.00	0	0	0	0	2	0
0	4	-1.00	0	0	0	0	2	0
0	5	-1.00	16	6	6	6	2	0
1	0	-1.00	0	32	32	32	32	32
1	1	-1.00	0	0	0	0	0	0
1	2	-1.00	0	0	0	0	0	0
1	3	-1.00	0	0	0	0	0	0
1	4	-1.00	0	0	0	0	0	0
1	5	-1.00	32	0	0	0	0	0
2	0	-1.00	0	32	32	32	32	32
2	1	-1.00	0	0	0	0	0	0
2	2	-1.00	0	0	0	0	0	0
2	3	-1.00	0	0	0	0	0	0
2	4	-1.00	0	0	0	0	0	0
2	5	-1.00	32	0	0	0	0	0
3	0	-1.00	0	30	30	30	30	32
3	1	-1.00	0	0	0	0	0	0
3	2	-1.00	0	0	0	0	0	0
3	3	-1.00	0	0	0	0	0	0
3	4	-1.00	0	0	0	0	0	0
3	5	-1.00	32	2	2	2	2	0
4	0	-1.00	0	30	30	30	30	32
4	1	-1.00	0	0	0	0	0	0
4	2	-1.00	0	0	0	0	0	0
4	3	-1.00	0	0	0	0	0	0
4	4	-1.00	0	0	0	0	0	0
4	5	-1.00	32	2	2	2	2	0
5	0	-1.00	0	60	60	60	60	64
5	1	-1.00	0	0	0	0	0	0
5	2	-1.00	0	0	0	0	0	0
5	3	-1.00	0	0	0	0	0	0
5	4	-1.00	0	0	0	0	0	0
5	5	-1.00	64	4	4	4	4	0
6	0	-1.00	0	56	56	56	56	64
6	1	-1.00	0	0	0	0	0	0
6	2	-1.00	0	2	2	2	2	0
6	3	-1.00	0	0	0	0	0	0
6	4	-1.00	0	0	0	0	0	0
6	5	-1.00	64	6	6	6	6	0
7	0	-1.00	0	58	58	58	58	64
7	1	-1.00	0	0	0	0	0	0
7	2	-1.00	0	0	0	0	0	0
7	3	-1.00	0	0	0	0	0	0
7	4	-1.00	0	0	0	0	0	0
7	5	-1.00	64	6	6	6	6	0
8	0	-1.00	0	11	11	11	11	64
8	1	-1.00	0	0	0	0	0	0
8	2	-1.00	0	2	2	2	2	0
8	3	-1.00	0	20	20	20	20	0
8	4	-1.00	0	0	0	0	0	0
8	5	-1.00	64	31	31	31	31	0
0	0	-2.00	0	10	10	10	10	16
0	1	-2.00	0	0	0	0	0	0
0	2	-2.00	0	0	0	0	0	0
0	3	-2.00	0	0	0	0	3	0
0	4	-2.00	0	0	0	0	1	0
0	5	-2.00	16	6	6	6	2	0
1	0	-2.00	0	32	32	32	32	32
1	1	-2.00	0	0	0	0	0	0
1	2	-2.00	0	0	0	0	0	0
1	3	-2.00	0	0	0	0	0	0
1	4	-2.00	0	0	0	0	0	0
1	5	-2.00	32	0	0	0	0	0
2	0	-2.00	0	32	32	32	32	32
2	1	-2.00	0	0	0	0	0	0
2	2	-2.00	0	0	0	0	0	0
2	3	-2.00	0	0	0	0	0	0
2	4	-2.00	0	0	0	0	0	0
2	5	-2.00	32	0	0	0	0	0
3	0	-2.00	0	30	30	30	30	32
3	1	-2.00	0	0	0	0	0	0
3	2	-2.00	0	0	0	0	0	0
3	3	-2.00	0	0	0	0	0	0
3	4	-2.00	0	0	0	0	0	0
3	5	-2.00	32	2	2	2	2	0
4	0	-2.00	0	30	30	30	30	32
4	1	-2.00	0	0	0	0	0	0
4	2	-2.00	0	0	0	0	0	0
4	3	-2.00	0	0	0	0	0	0
4	4	-2.00	0	0	0	0	0	0
4	5	-2.00	32	2	2	2	2	0
5	0	-2.00	0	60	60	60	60	64
5	1	-2.00	0	0	0	0	0	0
5	2	-2.00	0	0	0	0	0	0
5	3	-2.00	0	0	0	0	0	0
5	4	-2.00	0	0	0	0	0	0
5	5	-2.00	64	4	4	4	4	0
6	0	-2.00	0	56	56	56	56	64
6	1	-2.00	0	0	0	0	0	0
6	2	-2.00	0	1	1	1	1	0
6	3	-2.00	0	1	1	1	1	0
6	4	-2.00	0	0	0	0	0	0
6	5	-2.00	64	6	6	6	6	0
7	0	-2.00	0	58	58	58	58	64
7	1	-2.00	0	0	0	0	0	0
7	2	-2.00	0	0	0	0	0	0
7	3	-2.00	0	0	0	0	0	0
7	4	-2.00	0	0	0	0	0	0
7	5	-2.00	64	6	6	6	6	0
8	0	-2.00	0	11	11	11	11	64
8	1	-2.00	0	0	0	0	0	0
8	2	-2.00	0	2	2	2	2	0
8	3	-2.00	0	20	20	20	20	0
8	4	-2.00	0	0	0	0	0	0
8	5	-2.00	64	31	31	31	31	0
0	0	-3.00	0	11	11	11	11	16
0	1	-3.00	0	0	0	0	0	0
0	2	-3.00	0	0	0	0	0	0
0	3	-3.00	0	0	0	0	0	0
0	4	-3.00	0	0	0	0	2	0
0	5	-3.00	16	5	5	5	3	0
1	0	-3.00	0	32	32	32	32	32
1	1	-3.00	0	0	0	0	0	0
1	2	-3.00	0	0	0	0	0	0
1	3	-3.00	0	0	0	0	0	0
1	4	-3.00	0	0	0	0	0	0
1	5	-3.00	32	0	0	0	0	0
2	0	-3.00	0	32	32	32	32	32
2	1	-3.00	0	0	0	0	0	0
2	2	-3.00	0	0	0	0	0	0
2	3	-3.00	0	0	0	0	0	0
2	4	-3.00	0	0	0	0	0	0
2	5	-3.00	32	0	0	0	0	0
3	0	-3.00	0	30	30	30	30	32
3	1	-3.00	0	0	0	0	0	0
3	2	-3.00	0	0	0	0	0	0
3	3	-3.00	0	0	0	0	0	0
3	4	-3.00	0	0	0	0	0	0
3	5	-3.00	32	2	2	2	2	0
4	0	-3.00	0	29	29	29	29	32
4	1	-3.00	0	0	0	0	0	0
4	2	-3.00	0	0	0	0	0	0
4	3	-3.00	0	0	0	0	0	0
4	4	-3.00	0	0	0	0	0	0
4	5	-3.00	32	3	3	3	3	0
5	0	-3.00	0	60	60	60	60	63
5	1	-3.00	0	0	0	0	0	0
5	2	-3.00	0	0	0	0	0	0
5	3	-3.00	0	0	0	0	0	0
5	4	-3.00	0	0	0	0	0	1
5	5	-3.00	64	4	4	4	4	0
6	0	-3.00	0	56	56	56	56	64
6	1	-3.00	0	0	0	0	0	0
6	2	-3.00	0	1	1	1	1	0
6	3	-3.00	0	1	1	1	1	0
6	4	-3.00	0	0	0	0	0	0
6	5	-3.00	64	6	6	6	6	0
7	0	-3.00	0	58	58	58	58	62
7	1	-3.00	0	0	0	0	0	0
7	2	-3.00	0	0	0	0	0	0
7	3	-3.00	0	0	0	0	0	0
7	4	-3.00	0	0	0	0	0	0
7	5	-3.00	64	6	6	6	6	2
8	0	-3.00	0	9	9	9	9	64
8	1	-3.00	0	0	0	0	0	0
8	2	-3.00	0	2	2	2	2	0
8	3	-3.00	0	22	22	22	22	0
8	4	-3.00	0	0	0	0	0	0
8	5	-3.00	64	31	31	31	31	0
0	0	-4.00	0	10	10	10	10	16
0	1	-4.00	0	0	0	0	0	0
0	2	-4.00	0	0	0	0	0	0
0	3	-4.00	0	0	0	0	2	0
0	4	-4.00	0	0	0	0	2	0
0	5	-4.00	16	6	6	6	2	0
1	0	-4.00	0	32	32	32	32	32
1	1	-4.00	0	0	0	0	0	0
1	2	-4.00	0	0	0	0	0	0
1	3	-4.00	0	0	0	0	0	0
1	4	-4.00	0	0	0	0	0	0
1	5	-4.00	32	0	0	0	0	0
2	0	-4.00	0	32	32	32	32	32
2	1	-4.00	0	0	0	0	0	0
2	2	-4.00	0	0	0	0	0	0
2	3	-4.00	0	0	0	0	0	0
2	4	-4.00	0	0	0	0	0	0
2	5	-4.00	32	0	0	0	0	0
3	0	-4.00	0	30	30	30	30	32
3	1	-4.00	0	0	0	0	0	0
3	2	-4.00	0	0	0	0	0	0
3	3	-4.00	0	0	0	0	0	0
3	4	-4.00	0	0	0	0	0	0
3	5	-4.00	32	2	2	2	2	0
4	0	-4.00	0	30	30	30	30	32
4	1	-4.00	0	0	0	0	0	0
4	2	-4.00	0	0	0	0	0	0
4	3	-4.00	0	0	0	0	0	0
4	4	-4.00	0	0	0	0	0	0
4	5	-4.00	32	2	2	2	2	0
5	0	-4.00	0	60	60	60	60	64
5	1	-4.00	0	0	0	0	0	0
5	2	-4.00	0	0	0	0	0	0
5	3	-4.00	0	0	0	0	0	0
5	4	-4.00	0	0	0	0	0	0
5	5	-4.00	64	4	4	4	4	0
6	0	-4.00	0	56	56	56	56	64
6	1	-4.00	0	0	0	0	0	0
6	2	-4.00	0	2	2	2	2	0
6	3	-4.00	0	0	0	0	0	0
6	4	-4.00	0	0	0	0	0	0
6	5	-4.00	64	6	6	6	6	0
7	0	-4.00	0	58	58	58	58	62
7	1	-4.00	0	0	0	0	0	0
7	2	-4.00	0	0	0	0	0	0
7	3	-4.00	0	0	0	0	0	0
7	4	-4.00	0	0	0	0	0	0
7	5	-4.00	64	6	6	6	6	2
8	0	-4.00	0	11	11	11	11	64
8	1	-4.00	0	0	0	0	0	0
8	2	-4.00	0	2	2	2	2	0
8	3	-4.00	0	20	20	20	20	0
8	4	-4.00	0	0	0	0	0	0
8	5	-4.00	64	31	31	31	31	0
