Layer_num	sz	alpha	tau_0	tau_e-5	tau_e-4	tau_e-3	tau_e-2	tau_e-1
0	0	-1.00	0	53	62	62	62	64
0	1	-1.00	0	0	0	0	0	0
0	2	-1.00	0	0	0	0	0	0
0	3	-1.00	0	0	0	0	0	0
0	4	-1.00	0	0	0	0	0	0
0	5	-1.00	0	0	0	0	0	0
0	6	-1.00	0	0	0	0	0	0
0	7	-1.00	0	2	0	0	0	0
0	8	-1.00	0	2	0	0	1	0
0	9	-1.00	0	0	0	0	0	0
0	10	-1.00	0	0	0	0	1	0
0	11	-1.00	0	1	0	0	0	0
0	12	-1.00	0	2	0	0	0	0
0	13	-1.00	0	0	0	0	0	0
0	14	-1.00	0	1	0	0	0	0
0	15	-1.00	0	0	0	0	0	0
0	16	-1.00	0	0	0	0	0	0
0	17	-1.00	0	1	0	0	0	0
0	18	-1.00	0	0	0	0	0	0
0	19	-1.00	0	0	0	0	0	0
0	20	-1.00	64	2	2	2	0	0
1	0	-1.00	0	0	58	58	60	64
1	1	-1.00	0	0	0	0	0	0
1	2	-1.00	0	0	0	0	0	0
1	3	-1.00	0	0	0	0	2	0
1	4	-1.00	0	0	0	0	2	0
1	5	-1.00	0	0	0	0	0	0
1	6	-1.00	0	0	0	0	0	0
1	7	-1.00	0	0	0	0	0	0
1	8	-1.00	0	0	0	0	0	0
1	9	-1.00	0	0	0	0	0	0
1	10	-1.00	0	0	0	0	0	0
1	11	-1.00	0	0	0	0	0	0
1	12	-1.00	0	0	0	0	0	0
1	13	-1.00	0	0	0	0	0	0
1	14	-1.00	0	0	0	0	0	0
1	15	-1.00	0	0	0	0	0	0
1	16	-1.00	0	0	0	0	0	0
1	17	-1.00	0	0	0	0	0	0
1	18	-1.00	0	0	0	0	0	0
1	19	-1.00	0	0	0	1	0	0
1	20	-1.00	64	64	6	5	0	0
2	0	-1.00	0	0	18	25	64	64
2	1	-1.00	0	0	0	0	0	0
2	2	-1.00	0	0	0	3	0	0
2	3	-1.00	0	0	0	2	0	0
2	4	-1.00	0	0	0	3	0	0
2	5	-1.00	0	0	0	1	0	0
2	6	-1.00	0	0	0	2	0	0
2	7	-1.00	0	0	0	1	0	0
2	8	-1.00	0	0	0	2	0	0
2	9	-1.00	0	0	0	3	0	0
2	10	-1.00	0	0	0	4	0	0
2	11	-1.00	0	0	0	0	0	0
2	12	-1.00	0	0	0	1	0	0
2	13	-1.00	0	0	1	4	0	0
2	14	-1.00	0	0	0	2	0	0
2	15	-1.00	0	0	0	3	0	0
2	16	-1.00	0	0	1	3	0	0
2	17	-1.00	0	0	0	2	0	0
2	18	-1.00	0	0	2	3	0	0
2	19	-1.00	0	0	7	0	0	0
2	20	-1.00	64	64	35	0	0	0
3	0	-1.00	0	0	64	64	64	64
3	1	-1.00	0	0	0	0	0	0
3	2	-1.00	0	0	0	0	0	0
3	3	-1.00	0	0	0	0	0	0
3	4	-1.00	0	0	0	0	0	0
3	5	-1.00	0	0	0	0	0	0
3	6	-1.00	0	0	0	0	0	0
3	7	-1.00	0	0	0	0	0	0
3	8	-1.00	0	0	0	0	0	0
3	9	-1.00	0	0	0	0	0	0
3	10	-1.00	0	0	0	0	0	0
3	11	-1.00	0	0	0	0	0	0
3	12	-1.00	0	0	0	0	0	0
3	13	-1.00	0	0	0	0	0	0
3	14	-1.00	0	0	0	0	0	0
3	15	-1.00	0	0	0	0	0	0
3	16	-1.00	0	0	0	0	0	0
3	17	-1.00	0	0	0	0	0	0
3	18	-1.00	0	0	0	0	0	0
3	19	-1.00	0	0	0	0	0	0
3	20	-1.00	64	64	0	0	0	0
4	0	-1.00	0	0	64	64	64	64
4	1	-1.00	0	0	0	0	0	0
4	2	-1.00	0	0	0	0	0	0
4	3	-1.00	0	0	0	0	0	0
4	4	-1.00	0	0	0	0	0	0
4	5	-1.00	0	0	0	0	0	0
4	6	-1.00	0	0	0	0	0	0
4	7	-1.00	0	0	0	0	0	0
4	8	-1.00	0	0	0	0	0	0
4	9	-1.00	0	0	0	0	0	0
4	10	-1.00	0	0	0	0	0	0
4	11	-1.00	0	0	0	0	0	0
4	12	-1.00	0	0	0	0	0	0
4	13	-1.00	0	0	0	0	0	0
4	14	-1.00	0	0	0	0	0	0
4	15	-1.00	0	0	0	0	0	0
4	16	-1.00	0	0	0	0	0	0
4	17	-1.00	0	0	0	0	0	0
4	18	-1.00	0	0	0	0	0	0
4	19	-1.00	0	0	0	0	0	0
4	20	-1.00	64	64	0	0	0	0
5	0	-1.00	0	0	63	64	64	64
5	1	-1.00	0	0	0	0	0	0
5	2	-1.00	0	0	0	0	0	0
5	3	-1.00	0	0	0	0	0	0
5	4	-1.00	0	0	0	0	0	0
5	5	-1.00	0	0	0	0	0	0
5	6	-1.00	0	0	0	0	0	0
5	7	-1.00	0	0	0	0	0	0
5	8	-1.00	0	0	0	0	0	0
5	9	-1.00	0	0	0	0	0	0
5	10	-1.00	0	0	1	0	0	0
5	11	-1.00	0	0	0	0	0	0
5	12	-1.00	0	0	0	0	0	0
5	13	-1.00	0	0	0	0	0	0
5	14	-1.00	0	0	0	0	0	0
5	15	-1.00	0	0	0	0	0	0
5	16	-1.00	0	0	0	0	0	0
5	17	-1.00	0	0	0	0	0	0
5	18	-1.00	0	0	0	0	0	0
5	19	-1.00	0	0	0	0	0	0
5	20	-1.00	64	64	0	0	0	0
6	0	-1.00	0	0	63	64	64	64
6	1	-1.00	0	0	0	0	0	0
6	2	-1.00	0	0	0	0	0	0
6	3	-1.00	0	0	0	0	0	0
6	4	-1.00	0	0	0	0	0	0
6	5	-1.00	0	0	0	0	0	0
6	6	-1.00	0	0	0	0	0	0
6	7	-1.00	0	0	0	0	0	0
6	8	-1.00	0	0	0	0	0	0
6	9	-1.00	0	0	0	0	0	0
6	10	-1.00	0	0	0	0	0	0
6	11	-1.00	0	0	0	0	0	0
6	12	-1.00	0	0	0	0	0	0
6	13	-1.00	0	0	0	0	0	0
6	14	-1.00	0	0	1	0	0	0
6	15	-1.00	0	0	0	0	0	0
6	16	-1.00	0	0	0	0	0	0
6	17	-1.00	0	0	0	0	0	0
6	18	-1.00	0	0	0	0	0	0
6	19	-1.00	0	0	0	0	0	0
6	20	-1.00	64	64	0	0	0	0
7	0	-1.00	0	0	64	64	64	64
7	1	-1.00	0	0	0	0	0	0
7	2	-1.00	0	0	0	0	0	0
7	3	-1.00	0	0	0	0	0	0
7	4	-1.00	0	0	0	0	0	0
7	5	-1.00	0	0	0	0	0	0
7	6	-1.00	0	0	0	0	0	0
7	7	-1.00	0	0	0	0	0	0
7	8	-1.00	0	0	0	0	0	0
7	9	-1.00	0	0	0	0	0	0
7	10	-1.00	0	0	0	0	0	0
7	11	-1.00	0	0	0	0	0	0
7	12	-1.00	0	0	0	0	0	0
7	13	-1.00	0	0	0	0	0	0
7	14	-1.00	0	0	0	0	0	0
7	15	-1.00	0	0	0	0	0	0
7	16	-1.00	0	0	0	0	0	0
7	17	-1.00	0	0	0	0	0	0
7	18	-1.00	0	0	0	0	0	0
7	19	-1.00	0	0	0	0	0	0
7	20	-1.00	64	64	0	0	0	0
8	0	-1.00	0	0	63	64	64	64
8	1	-1.00	0	0	0	0	0	0
8	2	-1.00	0	0	0	0	0	0
8	3	-1.00	0	0	0	0	0	0
8	4	-1.00	0	0	0	0	0	0
8	5	-1.00	0	0	0	0	0	0
8	6	-1.00	0	0	0	0	0	0
8	7	-1.00	0	0	1	0	0	0
8	8	-1.00	0	0	0	0	0	0
8	9	-1.00	0	0	0	0	0	0
8	10	-1.00	0	0	0	0	0	0
8	11	-1.00	0	0	0	0	0	0
8	12	-1.00	0	0	0	0	0	0
8	13	-1.00	0	0	0	0	0	0
8	14	-1.00	0	0	0	0	0	0
8	15	-1.00	0	0	0	0	0	0
8	16	-1.00	0	0	0	0	0	0
8	17	-1.00	0	0	0	0	0	0
8	18	-1.00	0	0	0	0	0	0
8	19	-1.00	0	0	0	0	0	0
8	20	-1.00	64	64	0	0	0	0
0	0	-2.00	0	53	58	58	58	63
0	1	-2.00	0	0	0	0	0	1
0	2	-2.00	0	0	0	0	0	0
0	3	-2.00	0	0	0	0	0	0
0	4	-2.00	0	0	0	0	0	0
0	5	-2.00	0	0	0	0	0	0
0	6	-2.00	0	2	0	0	0	0
0	7	-2.00	0	0	0	0	0	0
0	8	-2.00	0	1	0	0	2	0
0	9	-2.00	0	1	0	0	1	0
0	10	-2.00	0	0	0	0	0	0
0	11	-2.00	0	0	0	0	0	0
0	12	-2.00	0	0	0	0	0	0
0	13	-2.00	0	1	0	0	0	0
0	14	-2.00	0	0	0	0	1	0
0	15	-2.00	0	0	0	0	0	0
0	16	-2.00	0	0	0	0	0	0
0	17	-2.00	0	0	0	0	0	0
0	18	-2.00	0	0	0	1	1	0
0	19	-2.00	0	0	0	2	1	0
0	20	-2.00	64	6	6	3	0	0
1	0	-2.00	0	0	58	58	58	64
1	1	-2.00	0	0	0	0	0	0
1	2	-2.00	0	0	0	0	0	0
1	3	-2.00	0	0	0	0	0	0
1	4	-2.00	0	0	0	0	0	0
1	5	-2.00	0	0	0	0	0	0
1	6	-2.00	0	0	0	0	0	0
1	7	-2.00	0	0	0	0	0	0
1	8	-2.00	0	0	0	0	0	0
1	9	-2.00	0	0	0	0	0	0
1	10	-2.00	0	0	0	0	0	0
1	11	-2.00	0	0	0	0	0	0
1	12	-2.00	0	0	0	0	0	0
1	13	-2.00	0	0	0	0	0	0
1	14	-2.00	0	0	0	0	0	0
1	15	-2.00	0	0	0	0	0	0
1	16	-2.00	0	0	0	0	1	0
1	17	-2.00	0	0	0	0	1	0
1	18	-2.00	0	0	0	0	1	0
1	19	-2.00	0	0	0	0	3	0
1	20	-2.00	64	64	6	6	0	0
2	0	-2.00	0	0	8	10	41	64
2	1	-2.00	0	0	1	2	6	0
2	2	-2.00	0	0	0	0	3	0
2	3	-2.00	0	0	0	0	4	0
2	4	-2.00	0	0	0	0	6	0
2	5	-2.00	0	0	0	0	3	0
2	6	-2.00	0	0	0	0	0	0
2	7	-2.00	0	0	0	2	0	0
2	8	-2.00	0	0	0	0	0	0
2	9	-2.00	0	0	0	4	1	0
2	10	-2.00	0	0	0	1	0	0
2	11	-2.00	0	0	0	2	0	0
2	12	-2.00	0	0	0	5	0	0
2	13	-2.00	0	0	0	3	0	0
2	14	-2.00	0	0	0	3	0	0
2	15	-2.00	0	0	0	5	0	0
2	16	-2.00	0	0	0	7	0	0
2	17	-2.00	0	0	0	3	0	0
2	18	-2.00	0	0	2	6	0	0
2	19	-2.00	0	0	1	9	0	0
2	20	-2.00	64	64	52	2	0	0
3	0	-2.00	0	0	64	64	64	64
3	1	-2.00	0	0	0	0	0	0
3	2	-2.00	0	0	0	0	0	0
3	3	-2.00	0	0	0	0	0	0
3	4	-2.00	0	0	0	0	0	0
3	5	-2.00	0	0	0	0	0	0
3	6	-2.00	0	0	0	0	0	0
3	7	-2.00	0	0	0	0	0	0
3	8	-2.00	0	0	0	0	0	0
3	9	-2.00	0	0	0	0	0	0
3	10	-2.00	0	0	0	0	0	0
3	11	-2.00	0	0	0	0	0	0
3	12	-2.00	0	0	0	0	0	0
3	13	-2.00	0	0	0	0	0	0
3	14	-2.00	0	0	0	0	0	0
3	15	-2.00	0	0	0	0	0	0
3	16	-2.00	0	0	0	0	0	0
3	17	-2.00	0	0	0	0	0	0
3	18	-2.00	0	0	0	0	0	0
3	19	-2.00	0	0	0	0	0	0
3	20	-2.00	64	64	0	0	0	0
4	0	-2.00	0	0	64	64	64	64
4	1	-2.00	0	0	0	0	0	0
4	2	-2.00	0	0	0	0	0	0
4	3	-2.00	0	0	0	0	0	0
4	4	-2.00	0	0	0	0	0	0
4	5	-2.00	0	0	0	0	0	0
4	6	-2.00	0	0	0	0	0	0
4	7	-2.00	0	0	0	0	0	0
4	8	-2.00	0	0	0	0	0	0
4	9	-2.00	0	0	0	0	0	0
4	10	-2.00	0	0	0	0	0	0
4	11	-2.00	0	0	0	0	0	0
4	12	-2.00	0	0	0	0	0	0
4	13	-2.00	0	0	0	0	0	0
4	14	-2.00	0	0	0	0	0	0
4	15	-2.00	0	0	0	0	0	0
4	16	-2.00	0	0	0	0	0	0
4	17	-2.00	0	0	0	0	0	0
4	18	-2.00	0	0	0	0	0	0
4	19	-2.00	0	0	0	0	0	0
4	20	-2.00	64	64	0	0	0	0
5	0	-2.00	0	0	63	64	64	64
5	1	-2.00	0	0	0	0	0	0
5	2	-2.00	0	0	0	0	0	0
5	3	-2.00	0	0	0	0	0	0
5	4	-2.00	0	0	0	0	0	0
5	5	-2.00	0	0	0	0	0	0
5	6	-2.00	0	0	0	0	0	0
5	7	-2.00	0	0	0	0	0	0
5	8	-2.00	0	0	0	0	0	0
5	9	-2.00	0	0	0	0	0	0
5	10	-2.00	0	0	1	0	0	0
5	11	-2.00	0	0	0	0	0	0
5	12	-2.00	0	0	0	0	0	0
5	13	-2.00	0	0	0	0	0	0
5	14	-2.00	0	0	0	0	0	0
5	15	-2.00	0	0	0	0	0	0
5	16	-2.00	0	0	0	0	0	0
5	17	-2.00	0	0	0	0	0	0
5	18	-2.00	0	0	0	0	0	0
5	19	-2.00	0	0	0	0	0	0
5	20	-2.00	64	64	0	0	0	0
6	0	-2.00	0	0	64	64	64	64
6	1	-2.00	0	0	0	0	0	0
6	2	-2.00	0	0	0	0	0	0
6	3	-2.00	0	0	0	0	0	0
6	4	-2.00	0	0	0	0	0	0
6	5	-2.00	0	0	0	0	0	0
6	6	-2.00	0	0	0	0	0	0
6	7	-2.00	0	0	0	0	0	0
6	8	-2.00	0	0	0	0	0	0
6	9	-2.00	0	0	0	0	0	0
6	10	-2.00	0	0	0	0	0	0
6	11	-2.00	0	0	0	0	0	0
6	12	-2.00	0	0	0	0	0	0
6	13	-2.00	0	0	0	0	0	0
6	14	-2.00	0	0	0	0	0	0
6	15	-2.00	0	0	0	0	0	0
6	16	-2.00	0	0	0	0	0	0
6	17	-2.00	0	0	0	0	0	0
6	18	-2.00	0	0	0	0	0	0
6	19	-2.00	0	0	0	0	0	0
6	20	-2.00	64	64	0	0	0	0
7	0	-2.00	0	0	64	64	64	64
7	1	-2.00	0	0	0	0	0	0
7	2	-2.00	0	0	0	0	0	0
7	3	-2.00	0	0	0	0	0	0
7	4	-2.00	0	0	0	0	0	0
7	5	-2.00	0	0	0	0	0	0
7	6	-2.00	0	0	0	0	0	0
7	7	-2.00	0	0	0	0	0	0
7	8	-2.00	0	0	0	0	0	0
7	9	-2.00	0	0	0	0	0	0
7	10	-2.00	0	0	0	0	0	0
7	11	-2.00	0	0	0	0	0	0
7	12	-2.00	0	0	0	0	0	0
7	13	-2.00	0	0	0	0	0	0
7	14	-2.00	0	0	0	0	0	0
7	15	-2.00	0	0	0	0	0	0
7	16	-2.00	0	0	0	0	0	0
7	17	-2.00	0	0	0	0	0	0
7	18	-2.00	0	0	0	0	0	0
7	19	-2.00	0	0	0	0	0	0
7	20	-2.00	64	64	0	0	0	0
8	0	-2.00	0	0	64	64	64	64
8	1	-2.00	0	0	0	0	0	0
8	2	-2.00	0	0	0	0	0	0
8	3	-2.00	0	0	0	0	0	0
8	4	-2.00	0	0	0	0	0	0
8	5	-2.00	0	0	0	0	0	0
8	6	-2.00	0	0	0	0	0	0
8	7	-2.00	0	0	0	0	0	0
8	8	-2.00	0	0	0	0	0	0
8	9	-2.00	0	0	0	0	0	0
8	10	-2.00	0	0	0	0	0	0
8	11	-2.00	0	0	0	0	0	0
8	12	-2.00	0	0	0	0	0	0
8	13	-2.00	0	0	0	0	0	0
8	14	-2.00	0	0	0	0	0	0
8	15	-2.00	0	0	0	0	0	0
8	16	-2.00	0	0	0	0	0	0
8	17	-2.00	0	0	0	0	0	0
8	18	-2.00	0	0	0	0	0	0
8	19	-2.00	0	0	0	0	0	0
8	20	-2.00	64	64	0	0	0	0
0	0	-3.00	0	39	50	50	50	54
0	1	-3.00	0	0	0	0	0	1
0	2	-3.00	0	0	0	0	0	0
0	3	-3.00	0	0	0	0	0	1
0	4	-3.00	0	0	0	0	0	0
0	5	-3.00	0	0	0	0	1	6
0	6	-3.00	0	1	0	0	0	2
0	7	-3.00	0	2	0	0	0	0
0	8	-3.00	0	1	0	0	0	0
0	9	-3.00	0	0	0	0	0	0
0	10	-3.00	0	1	0	0	0	0
0	11	-3.00	0	1	0	0	2	0
0	12	-3.00	0	1	0	0	1	0
0	13	-3.00	0	2	0	0	0	0
0	14	-3.00	0	0	0	0	3	0
0	15	-3.00	0	2	0	0	0	0
0	16	-3.00	0	0	0	0	2	0
0	17	-3.00	0	0	0	0	2	0
0	18	-3.00	0	0	0	1	2	0
0	19	-3.00	0	0	0	2	1	0
0	20	-3.00	64	14	14	11	0	0
1	0	-3.00	0	0	55	55	55	55
1	1	-3.00	0	0	0	0	1	1
1	2	-3.00	0	0	0	0	0	1
1	3	-3.00	0	0	0	0	0	0
1	4	-3.00	0	0	0	0	0	1
1	5	-3.00	0	0	0	0	0	0
1	6	-3.00	0	0	0	0	0	0
1	7	-3.00	0	0	0	0	0	0
1	8	-3.00	0	0	0	0	0	2
1	9	-3.00	0	0	0	0	0	2
1	10	-3.00	0	0	0	0	0	1
1	11	-3.00	0	0	0	0	1	1
1	12	-3.00	0	0	0	0	0	0
1	13	-3.00	0	0	0	0	0	0
1	14	-3.00	0	0	0	0	0	0
1	15	-3.00	0	0	0	0	0	0
1	16	-3.00	0	0	0	0	0	0
1	17	-3.00	0	0	0	0	0	0
1	18	-3.00	0	0	0	1	1	0
1	19	-3.00	0	0	0	0	2	0
1	20	-3.00	64	64	9	8	4	0
2	0	-3.00	0	0	1	33	54	57
2	1	-3.00	0	0	0	0	0	2
2	2	-3.00	0	0	0	1	0	2
2	3	-3.00	0	0	0	0	0	2
2	4	-3.00	0	0	0	0	0	1
2	5	-3.00	0	0	0	3	0	0
2	6	-3.00	0	0	0	1	0	0
2	7	-3.00	0	0	1	4	0	0
2	8	-3.00	0	0	0	2	0	0
2	9	-3.00	0	0	1	2	0	0
2	10	-3.00	0	0	0	2	0	0
2	11	-3.00	0	0	0	0	0	0
2	12	-3.00	0	0	0	2	0	0
2	13	-3.00	0	0	1	3	1	0
2	14	-3.00	0	0	1	1	0	0
2	15	-3.00	0	0	0	0	3	0
2	16	-3.00	0	0	3	0	0	0
2	17	-3.00	0	0	0	0	1	0
2	18	-3.00	0	0	3	0	3	0
2	19	-3.00	0	0	7	0	1	0
2	20	-3.00	64	64	46	10	1	0
3	0	-3.00	0	0	54	54	54	58
3	1	-3.00	0	0	0	0	0	6
3	2	-3.00	0	0	0	0	0	0
3	3	-3.00	0	0	0	0	1	0
3	4	-3.00	0	0	0	0	0	0
3	5	-3.00	0	0	0	0	0	0
3	6	-3.00	0	0	0	0	0	0
3	7	-3.00	0	0	0	0	0	0
3	8	-3.00	0	0	0	0	0	0
3	9	-3.00	0	0	0	0	0	0
3	10	-3.00	0	0	0	0	0	0
3	11	-3.00	0	0	0	0	2	0
3	12	-3.00	0	0	0	0	0	0
3	13	-3.00	0	0	0	0	2	0
3	14	-3.00	0	0	0	0	1	0
3	15	-3.00	0	0	0	0	1	0
3	16	-3.00	0	0	0	0	3	0
3	17	-3.00	0	0	0	0	0	0
3	18	-3.00	0	0	0	0	0	0
3	19	-3.00	0	0	0	1	0	0
3	20	-3.00	64	64	10	9	0	0
4	0	-3.00	0	0	0	1	14	64
4	1	-3.00	0	0	0	1	30	0
4	2	-3.00	0	0	0	0	11	0
4	3	-3.00	0	0	0	0	3	0
4	4	-3.00	0	0	0	0	1	0
4	5	-3.00	0	0	0	0	3	0
4	6	-3.00	0	0	0	0	2	0
4	7	-3.00	0	0	1	0	0	0
4	8	-3.00	0	0	0	0	0	0
4	9	-3.00	0	0	0	0	0	0
4	10	-3.00	0	0	0	0	0	0
4	11	-3.00	0	0	0	0	0	0
4	12	-3.00	0	0	0	0	0	0
4	13	-3.00	0	0	1	1	0	0
4	14	-3.00	0	0	0	2	0	0
4	15	-3.00	0	0	0	2	0	0
4	16	-3.00	0	0	0	3	0	0
4	17	-3.00	0	0	0	8	0	0
4	18	-3.00	0	0	0	7	0	0
4	19	-3.00	0	0	0	28	0	0
4	20	-3.00	64	64	62	11	0	0
5	0	-3.00	0	0	64	64	64	64
5	1	-3.00	0	0	0	0	0	0
5	2	-3.00	0	0	0	0	0	0
5	3	-3.00	0	0	0	0	0	0
5	4	-3.00	0	0	0	0	0	0
5	5	-3.00	0	0	0	0	0	0
5	6	-3.00	0	0	0	0	0	0
5	7	-3.00	0	0	0	0	0	0
5	8	-3.00	0	0	0	0	0	0
5	9	-3.00	0	0	0	0	0	0
5	10	-3.00	0	0	0	0	0	0
5	11	-3.00	0	0	0	0	0	0
5	12	-3.00	0	0	0	0	0	0
5	13	-3.00	0	0	0	0	0	0
5	14	-3.00	0	0	0	0	0	0
5	15	-3.00	0	0	0	0	0	0
5	16	-3.00	0	0	0	0	0	0
5	17	-3.00	0	0	0	0	0	0
5	18	-3.00	0	0	0	0	0	0
5	19	-3.00	0	0	0	0	0	0
5	20	-3.00	64	64	0	0	0	0
6	0	-3.00	0	0	63	64	64	64
6	1	-3.00	0	0	0	0	0	0
6	2	-3.00	0	0	0	0	0	0
6	3	-3.00	0	0	0	0	0	0
6	4	-3.00	0	0	0	0	0	0
6	5	-3.00	0	0	0	0	0	0
6	6	-3.00	0	0	0	0	0	0
6	7	-3.00	0	0	0	0	0	0
6	8	-3.00	0	0	0	0	0	0
6	9	-3.00	0	0	0	0	0	0
6	10	-3.00	0	0	1	0	0	0
6	11	-3.00	0	0	0	0	0	0
6	12	-3.00	0	0	0	0	0	0
6	13	-3.00	0	0	0	0	0	0
6	14	-3.00	0	0	0	0	0	0
6	15	-3.00	0	0	0	0	0	0
6	16	-3.00	0	0	0	0	0	0
6	17	-3.00	0	0	0	0	0	0
6	18	-3.00	0	0	0	0	0	0
6	19	-3.00	0	0	0	0	0	0
6	20	-3.00	64	64	0	0	0	0
7	0	-3.00	0	0	63	64	64	64
7	1	-3.00	0	0	0	0	0	0
7	2	-3.00	0	0	0	0	0	0
7	3	-3.00	0	0	0	0	0	0
7	4	-3.00	0	0	0	0	0	0
7	5	-3.00	0	0	0	0	0	0
7	6	-3.00	0	0	1	0	0	0
7	7	-3.00	0	0	0	0	0	0
7	8	-3.00	0	0	0	0	0	0
7	9	-3.00	0	0	0	0	0	0
7	10	-3.00	0	0	0	0	0	0
7	11	-3.00	0	0	0	0	0	0
7	12	-3.00	0	0	0	0	0	0
7	13	-3.00	0	0	0	0	0	0
7	14	-3.00	0	0	0	0	0	0
7	15	-3.00	0	0	0	0	0	0
7	16	-3.00	0	0	0	0	0	0
7	17	-3.00	0	0	0	0	0	0
7	18	-3.00	0	0	0	0	0	0
7	19	-3.00	0	0	0	0	0	0
7	20	-3.00	64	64	0	0	0	0
8	0	-3.00	0	0	64	64	64	64
8	1	-3.00	0	0	0	0	0	0
8	2	-3.00	0	0	0	0	0	0
8	3	-3.00	0	0	0	0	0	0
8	4	-3.00	0	0	0	0	0	0
8	5	-3.00	0	0	0	0	0	0
8	6	-3.00	0	0	0	0	0	0
8	7	-3.00	0	0	0	0	0	0
8	8	-3.00	0	0	0	0	0	0
8	9	-3.00	0	0	0	0	0	0
8	10	-3.00	0	0	0	0	0	0
8	11	-3.00	0	0	0	0	0	0
8	12	-3.00	0	0	0	0	0	0
8	13	-3.00	0	0	0	0	0	0
8	14	-3.00	0	0	0	0	0	0
8	15	-3.00	0	0	0	0	0	0
8	16	-3.00	0	0	0	0	0	0
8	17	-3.00	0	0	0	0	0	0
8	18	-3.00	0	0	0	0	0	0
8	19	-3.00	0	0	0	0	0	0
8	20	-3.00	64	64	0	0	0	0
0	0	-4.00	0	33	37	37	37	39
0	1	-4.00	0	0	0	0	0	1
0	2	-4.00	0	0	0	0	0	0
0	3	-4.00	0	0	0	0	0	0
0	4	-4.00	0	0	0	0	0	2
0	5	-4.00	0	0	0	0	0	0
0	6	-4.00	0	0	0	0	0	2
0	7	-4.00	0	0	0	0	0	0
0	8	-4.00	0	0	0	0	0	1
0	9	-4.00	0	0	0	0	0	0
0	10	-4.00	0	0	0	0	2	3
0	11	-4.00	0	0	0	0	0	1
0	12	-4.00	0	2	0	0	0	4
0	13	-4.00	0	0	0	0	1	2
0	14	-4.00	0	1	0	0	1	0
0	15	-4.00	0	0	0	0	0	2
0	16	-4.00	0	0	0	1	1	2
0	17	-4.00	0	0	0	0	0	2
0	18	-4.00	0	1	0	1	2	3
0	19	-4.00	0	0	0	0	1	0
0	20	-4.00	64	27	27	25	19	0
1	0	-4.00	0	0	49	49	49	50
1	1	-4.00	0	0	0	1	1	0
1	2	-4.00	0	0	0	0	0	0
1	3	-4.00	0	0	0	0	0	0
1	4	-4.00	0	0	0	0	0	0
1	5	-4.00	0	0	0	0	0	0
1	6	-4.00	0	0	0	0	0	1
1	7	-4.00	0	0	0	0	0	1
1	8	-4.00	0	0	0	0	0	0
1	9	-4.00	0	0	0	0	0	1
1	10	-4.00	0	0	1	0	0	0
1	11	-4.00	0	0	0	0	0	0
1	12	-4.00	0	0	0	0	0	0
1	13	-4.00	0	0	0	0	1	0
1	14	-4.00	0	0	0	0	0	1
1	15	-4.00	0	0	0	0	1	1
1	16	-4.00	0	0	0	0	0	2
1	17	-4.00	0	0	0	0	1	1
1	18	-4.00	0	0	0	0	0	1
1	19	-4.00	0	0	0	0	0	1
1	20	-4.00	64	64	14	14	11	4
2	0	-4.00	0	0	0	36	53	53
2	1	-4.00	0	0	0	2	0	0
2	2	-4.00	0	0	0	1	0	0
2	3	-4.00	0	0	0	2	0	0
2	4	-4.00	0	0	0	1	0	0
2	5	-4.00	0	0	0	2	0	0
2	6	-4.00	0	0	0	0	0	0
2	7	-4.00	0	0	0	1	0	1
2	8	-4.00	0	0	0	1	0	0
2	9	-4.00	0	0	0	0	0	0
2	10	-4.00	0	0	0	1	0	0
2	11	-4.00	0	0	0	3	0	0
2	12	-4.00	0	0	0	0	0	1
2	13	-4.00	0	0	0	0	0	2
2	14	-4.00	0	0	1	2	0	3
2	15	-4.00	0	0	1	1	0	2
2	16	-4.00	0	0	3	0	0	2
2	17	-4.00	0	0	4	0	1	0
2	18	-4.00	0	0	3	0	0	0
2	19	-4.00	0	0	15	0	1	0
2	20	-4.00	64	64	37	11	9	0
3	0	-4.00	0	0	54	54	54	54
3	1	-4.00	0	0	0	0	0	0
3	2	-4.00	0	0	0	0	0	0
3	3	-4.00	0	0	0	0	0	2
3	4	-4.00	0	0	0	0	0	2
3	5	-4.00	0	0	0	0	0	1
3	6	-4.00	0	0	0	0	0	1
3	7	-4.00	0	0	0	0	0	1
3	8	-4.00	0	0	0	0	0	0
3	9	-4.00	0	0	0	0	0	1
3	10	-4.00	0	0	0	0	0	1
3	11	-4.00	0	0	0	0	0	1
3	12	-4.00	0	0	0	0	0	0
3	13	-4.00	0	0	0	0	0	0
3	14	-4.00	0	0	0	0	0	0
3	15	-4.00	0	0	0	0	0	0
3	16	-4.00	0	0	0	0	0	0
3	17	-4.00	0	0	0	0	1	0
3	18	-4.00	0	0	0	0	3	0
3	19	-4.00	0	0	0	0	1	0
3	20	-4.00	64	64	10	10	5	0
4	0	-4.00	0	0	0	0	0	11
4	1	-4.00	0	0	0	0	0	43
4	2	-4.00	0	0	0	0	2	9
4	3	-4.00	0	0	0	0	8	1
4	4	-4.00	0	0	0	0	8	0
4	5	-4.00	0	0	0	0	6	0
4	6	-4.00	0	0	0	0	8	0
4	7	-4.00	0	0	0	0	5	0
4	8	-4.00	0	0	0	0	8	0
4	9	-4.00	0	0	0	0	4	0
4	10	-4.00	0	0	0	0	2	0
4	11	-4.00	0	0	0	0	1	0
4	12	-4.00	0	0	0	0	0	0
4	13	-4.00	0	0	0	0	2	0
4	14	-4.00	0	0	0	0	0	0
4	15	-4.00	0	0	0	1	7	0
4	16	-4.00	0	0	0	2	2	0
4	17	-4.00	0	0	0	8	1	0
4	18	-4.00	0	0	0	5	0	0
4	19	-4.00	0	0	0	23	0	0
4	20	-4.00	64	64	64	25	0	0
5	0	-4.00	0	0	63	64	64	64
5	1	-4.00	0	0	0	0	0	0
5	2	-4.00	0	0	0	0	0	0
5	3	-4.00	0	0	0	0	0	0
5	4	-4.00	0	0	0	0	0	0
5	5	-4.00	0	0	0	0	0	0
5	6	-4.00	0	0	0	0	0	0
5	7	-4.00	0	0	0	0	0	0
5	8	-4.00	0	0	0	0	0	0
5	9	-4.00	0	0	0	0	0	0
5	10	-4.00	0	0	0	0	0	0
5	11	-4.00	0	0	1	0	0	0
5	12	-4.00	0	0	0	0	0	0
5	13	-4.00	0	0	0	0	0	0
5	14	-4.00	0	0	0	0	0	0
5	15	-4.00	0	0	0	0	0	0
5	16	-4.00	0	0	0	0	0	0
5	17	-4.00	0	0	0	0	0	0
5	18	-4.00	0	0	0	0	0	0
5	19	-4.00	0	0	0	0	0	0
5	20	-4.00	64	64	0	0	0	0
6	0	-4.00	0	0	64	64	64	64
6	1	-4.00	0	0	0	0	0	0
6	2	-4.00	0	0	0	0	0	0
6	3	-4.00	0	0	0	0	0	0
6	4	-4.00	0	0	0	0	0	0
6	5	-4.00	0	0	0	0	0	0
6	6	-4.00	0	0	0	0	0	0
6	7	-4.00	0	0	0	0	0	0
6	8	-4.00	0	0	0	0	0	0
6	9	-4.00	0	0	0	0	0	0
6	10	-4.00	0	0	0	0	0	0
6	11	-4.00	0	0	0	0	0	0
6	12	-4.00	0	0	0	0	0	0
6	13	-4.00	0	0	0	0	0	0
6	14	-4.00	0	0	0	0	0	0
6	15	-4.00	0	0	0	0	0	0
6	16	-4.00	0	0	0	0	0	0
6	17	-4.00	0	0	0	0	0	0
6	18	-4.00	0	0	0	0	0	0
6	19	-4.00	0	0	0	0	0	0
6	20	-4.00	64	64	0	0	0	0
7	0	-4.00	0	0	64	64	64	64
7	1	-4.00	0	0	0	0	0	0
7	2	-4.00	0	0	0	0	0	0
7	3	-4.00	0	0	0	0	0	0
7	4	-4.00	0	0	0	0	0	0
7	5	-4.00	0	0	0	0	0	0
7	6	-4.00	0	0	0	0	0	0
7	7	-4.00	0	0	0	0	0	0
7	8	-4.00	0	0	0	0	0	0
7	9	-4.00	0	0	0	0	0	0
7	10	-4.00	0	0	0	0	0	0
7	11	-4.00	0	0	0	0	0	0
7	12	-4.00	0	0	0	0	0	0
7	13	-4.00	0	0	0	0	0	0
7	14	-4.00	0	0	0	0	0	0
7	15	-4.00	0	0	0	0	0	0
7	16	-4.00	0	0	0	0	0	0
7	17	-4.00	0	0	0	0	0	0
7	18	-4.00	0	0	0	0	0	0
7	19	-4.00	0	0	0	0	0	0
7	20	-4.00	64	64	0	0	0	0
8	0	-4.00	0	0	62	64	64	64
8	1	-4.00	0	0	0	0	0	0
8	2	-4.00	0	0	0	0	0	0
8	3	-4.00	0	0	0	0	0	0
8	4	-4.00	0	0	0	0	0	0
8	5	-4.00	0	0	0	0	0	0
8	6	-4.00	0	0	0	0	0	0
8	7	-4.00	0	0	0	0	0	0
8	8	-4.00	0	0	0	0	0	0
8	9	-4.00	0	0	1	0	0	0
8	10	-4.00	0	0	0	0	0	0
8	11	-4.00	0	0	1	0	0	0
8	12	-4.00	0	0	0	0	0	0
8	13	-4.00	0	0	0	0	0	0
8	14	-4.00	0	0	0	0	0	0
8	15	-4.00	0	0	0	0	0	0
8	16	-4.00	0	0	0	0	0	0
8	17	-4.00	0	0	0	0	0	0
8	18	-4.00	0	0	0	0	0	0
8	19	-4.00	0	1	0	0	0	0
8	20	-4.00	64	63	0	0	0	0
