Layer_num	sz	alpha	tau_0	tau_e-5	tau_e-4	tau_e-3	tau_e-2	tau_e-1
0	0	-1.00	0	11	11	11	15	16
0	1	-1.00	0	1	1	1	1	0
0	2	-1.00	0	0	0	0	0	0
0	3	-1.00	0	0	0	0	0	0
0	4	-1.00	0	0	0	0	0	0
0	5	-1.00	16	4	4	4	0	0
1	0	-1.00	0	29	29	29	30	32
1	1	-1.00	0	1	1	1	1	0
1	2	-1.00	0	0	0	0	1	0
1	3	-1.00	0	0	0	0	0	0
1	4	-1.00	0	0	0	0	0	0
1	5	-1.00	32	2	2	2	0	0
2	0	-1.00	0	30	30	30	31	32
2	1	-1.00	0	0	0	0	0	0
2	2	-1.00	0	0	0	0	0	0
2	3	-1.00	0	0	0	0	0	0
2	4	-1.00	0	1	1	1	1	0
2	5	-1.00	32	1	1	1	0	0
3	0	-1.00	0	29	29	29	30	32
3	1	-1.00	0	0	0	0	0	0
3	2	-1.00	0	1	1	1	1	0
3	3	-1.00	0	1	1	1	1	0
3	4	-1.00	0	0	0	0	0	0
3	5	-1.00	32	1	1	1	0	0
4	0	-1.00	0	28	28	28	28	31
4	1	-1.00	0	3	3	3	3	1
4	2	-1.00	0	0	0	0	1	0
4	3	-1.00	0	1	1	1	0	0
4	4	-1.00	0	0	0	0	0	0
4	5	-1.00	32	0	0	0	0	0
5	0	-1.00	0	64	64	64	64	64
5	1	-1.00	0	0	0	0	0	0
5	2	-1.00	0	0	0	0	0	0
5	3	-1.00	0	0	0	0	0	0
5	4	-1.00	0	0	0	0	0	0
5	5	-1.00	64	0	0	0	0	0
6	0	-1.00	0	64	64	64	64	64
6	1	-1.00	0	0	0	0	0	0
6	2	-1.00	0	0	0	0	0	0
6	3	-1.00	0	0	0	0	0	0
6	4	-1.00	0	0	0	0	0	0
6	5	-1.00	64	0	0	0	0	0
7	0	-1.00	0	60	60	60	61	64
7	1	-1.00	0	0	0	0	0	0
7	2	-1.00	0	0	0	0	1	0
7	3	-1.00	0	0	0	0	1	0
7	4	-1.00	0	0	0	0	0	0
7	5	-1.00	64	4	4	4	1	0
8	0	-1.00	0	49	49	49	49	64
8	1	-1.00	0	15	15	15	15	0
8	2	-1.00	0	0	0	0	0	0
8	3	-1.00	0	0	0	0	0	0
8	4	-1.00	0	0	0	0	0	0
8	5	-1.00	64	0	0	0	0	0
0	0	-2.00	0	9	9	10	11	16
0	1	-2.00	0	0	1	0	1	0
0	2	-2.00	0	2	1	1	1	0
0	3	-2.00	0	1	1	1	2	0
0	4	-2.00	0	1	1	1	0	0
0	5	-2.00	16	3	3	3	1	0
1	0	-2.00	0	27	27	27	27	32
1	1	-2.00	0	0	0	0	1	0
1	2	-2.00	0	0	0	0	1	0
1	3	-2.00	0	0	0	0	0	0
1	4	-2.00	0	1	1	1	1	0
1	5	-2.00	32	4	4	4	2	0
2	0	-2.00	0	28	28	28	28	32
2	1	-2.00	0	0	0	0	0	0
2	2	-2.00	0	1	1	1	1	0
2	3	-2.00	0	0	0	0	0	0
2	4	-2.00	0	0	0	0	1	0
2	5	-2.00	32	3	3	3	2	0
3	0	-2.00	0	25	25	25	25	32
3	1	-2.00	0	0	0	0	0	0
3	2	-2.00	0	0	0	0	1	0
3	3	-2.00	0	0	0	0	1	0
3	4	-2.00	0	0	0	0	4	0
3	5	-2.00	32	7	7	7	1	0
4	0	-2.00	0	25	25	25	25	32
4	1	-2.00	0	2	2	2	3	0
4	2	-2.00	0	2	2	2	1	0
4	3	-2.00	0	0	0	0	3	0
4	4	-2.00	0	1	1	2	0	0
4	5	-2.00	32	2	2	1	0	0
5	0	-2.00	0	55	55	55	55	64
5	1	-2.00	0	0	0	0	1	0
5	2	-2.00	0	1	1	1	6	0
5	3	-2.00	0	2	2	2	2	0
5	4	-2.00	0	4	4	4	0	0
5	5	-2.00	64	2	2	2	0	0
6	0	-2.00	0	54	54	54	56	64
6	1	-2.00	0	0	0	0	0	0
6	2	-2.00	0	0	0	0	2	0
6	3	-2.00	0	0	0	0	5	0
6	4	-2.00	0	1	1	1	1	0
6	5	-2.00	64	9	9	9	0	0
7	0	-2.00	0	54	54	54	54	64
7	1	-2.00	0	1	1	1	2	0
7	2	-2.00	0	0	0	0	3	0
7	3	-2.00	0	0	0	0	5	0
7	4	-2.00	0	3	3	3	0	0
7	5	-2.00	64	6	6	6	0	0
8	0	-2.00	0	25	25	25	26	64
8	1	-2.00	0	39	39	39	38	0
8	2	-2.00	0	0	0	0	0	0
8	3	-2.00	0	0	0	0	0	0
8	4	-2.00	0	0	0	0	0	0
8	5	-2.00	64	0	0	0	0	0
0	0	-3.00	0	2	2	2	2	9
0	1	-3.00	0	0	0	0	1	1
0	2	-3.00	0	0	0	0	1	1
0	3	-3.00	0	0	0	0	0	3
0	4	-3.00	0	1	1	1	0	2
0	5	-3.00	16	13	13	13	12	0
1	0	-3.00	0	5	5	5	5	6
1	1	-3.00	0	0	0	0	0	3
1	2	-3.00	0	0	0	0	0	4
1	3	-3.00	0	2	2	2	2	5
1	4	-3.00	0	1	1	2	3	10
1	5	-3.00	32	24	24	23	22	4
2	0	-3.00	0	0	0	0	0	0
2	1	-3.00	0	0	0	0	0	0
2	2	-3.00	0	0	0	0	0	4
2	3	-3.00	0	1	1	1	1	0
2	4	-3.00	0	3	3	3	3	9
2	5	-3.00	32	28	28	28	28	19
3	0	-3.00	0	2	2	2	2	6
3	1	-3.00	0	1	1	1	3	2
3	2	-3.00	0	2	2	3	1	4
3	3	-3.00	0	6	6	5	5	10
3	4	-3.00	0	6	6	6	7	7
3	5	-3.00	32	15	15	15	14	3
4	0	-3.00	0	10	10	10	10	13
4	1	-3.00	0	3	3	3	3	3
4	2	-3.00	0	2	2	2	2	5
4	3	-3.00	0	3	3	3	3	6
4	4	-3.00	0	7	7	7	8	2
4	5	-3.00	32	7	7	7	6	3
5	0	-3.00	0	47	47	47	48	59
5	1	-3.00	0	1	1	1	1	2
5	2	-3.00	0	1	1	1	0	2
5	3	-3.00	0	0	0	0	4	1
5	4	-3.00	0	5	5	6	5	0
5	5	-3.00	64	10	10	9	6	0
6	0	-3.00	0	54	54	54	54	64
6	1	-3.00	0	0	0	0	0	0
6	2	-3.00	0	0	0	0	0	0
6	3	-3.00	0	0	0	0	0	0
6	4	-3.00	0	0	0	0	0	0
6	5	-3.00	64	10	10	10	10	0
7	0	-3.00	0	44	44	44	48	64
7	1	-3.00	0	3	3	3	7	0
7	2	-3.00	0	5	5	6	4	0
7	3	-3.00	0	3	3	2	3	0
7	4	-3.00	0	0	0	0	2	0
7	5	-3.00	64	9	9	9	0	0
8	0	-3.00	0	11	11	11	11	51
8	1	-3.00	0	53	53	53	53	13
8	2	-3.00	0	0	0	0	0	0
8	3	-3.00	0	0	0	0	0	0
8	4	-3.00	0	0	0	0	0	0
8	5	-3.00	64	0	0	0	0	0
0	0	-4.00	0	0	0	0	0	0
0	1	-4.00	0	0	0	0	0	0
0	2	-4.00	0	0	0	0	0	0
0	3	-4.00	0	0	0	0	0	0
0	4	-4.00	0	0	0	0	0	2
0	5	-4.00	16	16	16	16	16	14
1	0	-4.00	0	0	0	0	0	0
1	1	-4.00	0	0	0	0	0	0
1	2	-4.00	0	0	0	0	0	0
1	3	-4.00	0	0	0	0	0	0
1	4	-4.00	0	0	0	0	0	0
1	5	-4.00	32	32	32	32	32	32
2	0	-4.00	0	0	0	0	0	0
2	1	-4.00	0	0	0	0	0	0
2	2	-4.00	0	0	0	0	0	0
2	3	-4.00	0	0	0	0	0	0
2	4	-4.00	0	0	0	0	0	0
2	5	-4.00	32	32	32	32	32	32
3	0	-4.00	0	0	0	0	0	0
3	1	-4.00	0	0	0	0	0	0
3	2	-4.00	0	0	0	0	0	0
3	3	-4.00	0	0	0	0	0	0
3	4	-4.00	0	0	0	0	0	0
3	5	-4.00	32	32	32	32	32	32
4	0	-4.00	0	0	0	0	0	0
4	1	-4.00	0	0	0	0	0	0
4	2	-4.00	0	0	0	0	0	0
4	3	-4.00	0	0	0	0	0	0
4	4	-4.00	0	0	0	0	0	0
4	5	-4.00	32	32	32	32	32	32
5	0	-4.00	0	1	1	1	1	4
5	1	-4.00	0	1	1	1	1	1
5	2	-4.00	0	1	1	1	1	3
5	3	-4.00	0	3	3	3	4	10
5	4	-4.00	0	6	6	6	8	8
5	5	-4.00	64	52	52	52	49	38
6	0	-4.00	0	21	21	21	22	23
6	1	-4.00	0	3	3	3	2	2
6	2	-4.00	0	2	2	2	2	4
6	3	-4.00	0	1	1	1	2	3
6	4	-4.00	0	5	5	5	4	1
6	5	-4.00	64	32	32	32	32	31
7	0	-4.00	0	21	21	21	21	46
7	1	-4.00	0	4	4	4	4	4
7	2	-4.00	0	4	4	4	13	5
7	3	-4.00	0	15	15	15	8	6
7	4	-4.00	0	5	5	5	4	3
7	5	-4.00	64	15	15	15	14	0
8	0	-4.00	0	0	0	0	0	0
8	1	-4.00	0	13	13	13	14	51
8	2	-4.00	0	46	46	46	47	13
8	3	-4.00	0	5	5	5	3	0
8	4	-4.00	0	0	0	0	0	0
8	5	-4.00	64	0	0	0	0	0
