iter	nb_kernel	alpha	layer
100	64	0	1
1000	64	0	1
2000	64	0	1
3000	64	0	1
4000	64	0	1
5000	64	0	1
6000	64	0	1
7000	64	0	1
8000	64	0	1
9000	64	0	1
10000	64	0	1
11000	64	0	1
12000	64	0	1
13000	64	0	1
14000	64	0	1
15000	64	0	1
16000	64	0	1
17000	64	0	1
18000	64	0	1
19000	64	0	1
20000	64	0	1
21000	64	0	1
22000	64	0	1
23000	64	0	1
24000	64	0	1
25000	64	0	1
26000	64	0	1
27000	64	0	1
28000	64	0	1
29000	64	0	1
30000	64	0	1
31000	64	0	1
32000	64	0	1
33000	64	0	1
34000	64	0	1
35000	64	0	1
36000	64	0	1
37000	64	0	1
38000	64	0	1
39000	64	0	1
40000	64	0	1
41000	64	0	1
42000	64	0	1
43000	64	0	1
44000	64	0	1
45000	64	0	1
46000	64	0	1
47000	64	0	1
48000	64	0	1
49000	64	0	1
50000	64	0	1
100	64	0.0001	1
1000	64	0.0001	1
2000	64	0.0001	1
3000	64	0.0001	1
4000	64	0.0001	1
5000	64	0.0001	1
6000	64	0.0001	1
7000	64	0.0001	1
8000	64	0.0001	1
9000	64	0.0001	1
10000	64	0.0001	1
11000	64	0.0001	1
12000	64	0.0001	1
13000	64	0.0001	1
14000	63	0.0001	1
15000	63	0.0001	1
16000	63	0.0001	1
17000	63	0.0001	1
18000	63	0.0001	1
19000	62	0.0001	1
20000	61	0.0001	1
21000	61	0.0001	1
22000	61	0.0001	1
23000	61	0.0001	1
24000	61	0.0001	1
25000	61	0.0001	1
26000	61	0.0001	1
27000	61	0.0001	1
28000	61	0.0001	1
29000	61	0.0001	1
30000	61	0.0001	1
31000	61	0.0001	1
32000	61	0.0001	1
33000	61	0.0001	1
34000	61	0.0001	1
35000	61	0.0001	1
36000	61	0.0001	1
37000	61	0.0001	1
38000	61	0.0001	1
39000	61	0.0001	1
40000	61	0.0001	1
41000	61	0.0001	1
42000	61	0.0001	1
43000	61	0.0001	1
44000	61	0.0001	1
45000	61	0.0001	1
46000	61	0.0001	1
47000	61	0.0001	1
48000	61	0.0001	1
49000	61	0.0001	1
50000	61	0.0001	1
100	64	0.001	1
1000	64	0.001	1
2000	64	0.001	1
3000	64	0.001	1
4000	63	0.001	1
5000	58	0.001	1
6000	50	0.001	1
7000	45	0.001	1
8000	41	0.001	1
9000	39	0.001	1
10000	39	0.001	1
11000	39	0.001	1
12000	37	0.001	1
13000	38	0.001	1
14000	38	0.001	1
15000	38	0.001	1
16000	34	0.001	1
17000	34	0.001	1
18000	34	0.001	1
19000	34	0.001	1
20000	34	0.001	1
21000	34	0.001	1
22000	34	0.001	1
23000	34	0.001	1
24000	34	0.001	1
25000	32	0.001	1
26000	32	0.001	1
27000	32	0.001	1
28000	31	0.001	1
29000	31	0.001	1
30000	31	0.001	1
31000	31	0.001	1
32000	31	0.001	1
33000	31	0.001	1
34000	31	0.001	1
35000	31	0.001	1
36000	31	0.001	1
37000	31	0.001	1
38000	31	0.001	1
39000	31	0.001	1
40000	31	0.001	1
41000	31	0.001	1
42000	31	0.001	1
43000	31	0.001	1
44000	31	0.001	1
45000	31	0.001	1
46000	31	0.001	1
47000	31	0.001	1
48000	31	0.001	1
49000	31	0.001	1
50000	31	0.001	1
100	64	0.1	1
1000	64	0.1	1
2000	64	0.1	1
3000	64	0.1	1
4000	64	0.1	1
5000	64	0.1	1
6000	64	0.1	1
7000	64	0.1	1
8000	64	0.1	1
9000	64	0.1	1
10000	64	0.1	1
11000	64	0.1	1
12000	64	0.1	1
13000	64	0.1	1
14000	64	0.1	1
15000	64	0.1	1
16000	64	0.1	1
17000	64	0.1	1
18000	64	0.1	1
19000	64	0.1	1
20000	64	0.1	1
21000	64	0.1	1
22000	64	0.1	1
23000	64	0.1	1
24000	64	0.1	1
25000	64	0.1	1
26000	64	0.1	1
27000	64	0.1	1
28000	64	0.1	1
29000	64	0.1	1
30000	64	0.1	1
31000	64	0.1	1
32000	64	0.1	1
33000	64	0.1	1
34000	63	0.1	1
35000	63	0.1	1
36000	63	0.1	1
37000	63	0.1	1
38000	63	0.1	1
39000	63	0.1	1
40000	63	0.1	1
41000	63	0.1	1
42000	63	0.1	1
43000	63	0.1	1
44000	63	0.1	1
45000	63	0.1	1
46000	63	0.1	1
47000	63	0.1	1
48000	63	0.1	1
49000	63	0.1	1
50000	63	0.1	1
100	64	0.01	1
1000	64	0.01	1
2000	64	0.01	1
3000	63	0.01	1
4000	63	0.01	1
5000	62	0.01	1
6000	61	0.01	1
7000	61	0.01	1
8000	61	0.01	1
9000	61	0.01	1
10000	61	0.01	1
11000	61	0.01	1
12000	61	0.01	1
13000	61	0.01	1
14000	60	0.01	1
15000	60	0.01	1
16000	60	0.01	1
17000	60	0.01	1
18000	60	0.01	1
19000	60	0.01	1
20000	60	0.01	1
21000	60	0.01	1
22000	60	0.01	1
23000	60	0.01	1
24000	59	0.01	1
25000	59	0.01	1
26000	59	0.01	1
27000	59	0.01	1
28000	59	0.01	1
29000	59	0.01	1
30000	59	0.01	1
31000	59	0.01	1
32000	57	0.01	1
33000	57	0.01	1
34000	57	0.01	1
35000	56	0.01	1
36000	56	0.01	1
37000	56	0.01	1
38000	55	0.01	1
39000	55	0.01	1
40000	55	0.01	1
41000	55	0.01	1
42000	55	0.01	1
43000	55	0.01	1
44000	55	0.01	1
45000	55	0.01	1
46000	53	0.01	1
47000	51	0.01	1
48000	51	0.01	1
49000	50	0.01	1
50000	50	0.01	1
100	256	0.0001	6
1000	256	0.0001	6
2000	256	0.0001	6
3000	256	0.0001	6
4000	256	0.0001	6
5000	256	0.0001	6
6000	256	0.0001	6
7000	256	0.0001	6
8000	256	0.0001	6
9000	256	0.0001	6
10000	256	0.0001	6
11000	256	0.0001	6
12000	256	0.0001	6
13000	256	0.0001	6
14000	256	0.0001	6
15000	256	0.0001	6
16000	256	0.0001	6
17000	256	0.0001	6
18000	256	0.0001	6
19000	256	0.0001	6
20000	256	0.0001	6
21000	256	0.0001	6
22000	256	0.0001	6
23000	256	0.0001	6
24000	256	0.0001	6
25000	256	0.0001	6
26000	256	0.0001	6
27000	256	0.0001	6
28000	256	0.0001	6
29000	256	0.0001	6
30000	256	0.0001	6
31000	256	0.0001	6
32000	256	0.0001	6
33000	256	0.0001	6
34000	256	0.0001	6
35000	256	0.0001	6
36000	256	0.0001	6
37000	256	0.0001	6
38000	256	0.0001	6
39000	256	0.0001	6
40000	256	0.0001	6
41000	256	0.0001	6
42000	256	0.0001	6
43000	256	0.0001	6
44000	256	0.0001	6
45000	256	0.0001	6
46000	256	0.0001	6
47000	256	0.0001	6
48000	256	0.0001	6
49000	256	0.0001	6
50000	256	0.0001	6
100	256	0.001	6
1000	256	0.001	6
2000	256	0.001	6
3000	256	0.001	6
4000	256	0.001	6
5000	256	0.001	6
6000	256	0.001	6
7000	256	0.001	6
8000	255	0.001	6
9000	246	0.001	6
10000	244	0.001	6
11000	243	0.001	6
12000	242	0.001	6
13000	241	0.001	6
14000	241	0.001	6
15000	236	0.001	6
16000	235	0.001	6
17000	235	0.001	6
18000	235	0.001	6
19000	234	0.001	6
20000	234	0.001	6
21000	234	0.001	6
22000	234	0.001	6
23000	234	0.001	6
24000	234	0.001	6
25000	234	0.001	6
26000	234	0.001	6
27000	234	0.001	6
28000	234	0.001	6
29000	234	0.001	6
30000	234	0.001	6
31000	234	0.001	6
32000	234	0.001	6
33000	234	0.001	6
34000	234	0.001	6
35000	234	0.001	6
36000	234	0.001	6
37000	234	0.001	6
38000	234	0.001	6
39000	234	0.001	6
40000	234	0.001	6
41000	234	0.001	6
42000	234	0.001	6
43000	234	0.001	6
44000	234	0.001	6
45000	234	0.001	6
46000	234	0.001	6
47000	234	0.001	6
48000	234	0.001	6
49000	234	0.001	6
50000	234	0.001	6
100	256	0.1	6
1000	256	0.1	6
2000	256	0.1	6
3000	256	0.1	6
4000	256	0.1	6
5000	256	0.1	6
6000	256	0.1	6
7000	256	0.1	6
8000	256	0.1	6
9000	256	0.1	6
10000	256	0.1	6
11000	256	0.1	6
12000	256	0.1	6
13000	256	0.1	6
14000	256	0.1	6
15000	256	0.1	6
16000	256	0.1	6
17000	252	0.1	6
18000	255	0.1	6
19000	256	0.1	6
20000	255	0.1	6
21000	254	0.1	6
22000	255	0.1	6
23000	255	0.1	6
24000	252	0.1	6
25000	256	0.1	6
26000	254	0.1	6
27000	255	0.1	6
28000	256	0.1	6
29000	255	0.1	6
30000	255	0.1	6
31000	226	0.1	6
32000	231	0.1	6
33000	233	0.1	6
34000	231	0.1	6
35000	225	0.1	6
36000	229	0.1	6
37000	228	0.1	6
38000	227	0.1	6
39000	230	0.1	6
40000	227	0.1	6
41000	233	0.1	6
42000	227	0.1	6
43000	226	0.1	6
44000	233	0.1	6
45000	230	0.1	6
46000	127	0.1	6
47000	128	0.1	6
48000	141	0.1	6
49000	134	0.1	6
50000	127	0.1	6
100	256	0	6
1000	256	0	6
2000	256	0	6
3000	256	0	6
4000	256	0	6
5000	256	0	6
6000	256	0	6
7000	256	0	6
8000	256	0	6
9000	256	0	6
10000	256	0	6
11000	256	0	6
12000	256	0	6
13000	256	0	6
14000	256	0	6
15000	256	0	6
16000	256	0	6
17000	256	0	6
18000	256	0	6
19000	256	0	6
20000	256	0	6
21000	256	0	6
22000	256	0	6
23000	256	0	6
24000	256	0	6
25000	256	0	6
26000	256	0	6
27000	256	0	6
28000	256	0	6
29000	256	0	6
30000	256	0	6
31000	256	0	6
32000	256	0	6
33000	256	0	6
34000	256	0	6
35000	256	0	6
36000	256	0	6
37000	256	0	6
38000	256	0	6
39000	256	0	6
40000	256	0	6
41000	256	0	6
42000	256	0	6
43000	256	0	6
44000	256	0	6
45000	256	0	6
46000	256	0	6
47000	256	0	6
48000	256	0	6
49000	256	0	6
50000	256	0	6
100	256	0.01	6
1000	256	0.01	6
2000	256	0.01	6
3000	256	0.01	6
4000	256	0.01	6
5000	256	0.01	6
6000	256	0.01	6
7000	254	0.01	6
8000	252	0.01	6
9000	248	0.01	6
10000	234	0.01	6
11000	239	0.01	6
12000	218	0.01	6
13000	220	0.01	6
14000	232	0.01	6
15000	226	0.01	6
16000	45	0.01	6
17000	52	0.01	6
18000	53	0.01	6
19000	45	0.01	6
20000	46	0.01	6
21000	51	0.01	6
22000	48	0.01	6
23000	36	0.01	6
24000	42	0.01	6
25000	37	0.01	6
26000	38	0.01	6
27000	42	0.01	6
28000	37	0.01	6
29000	36	0.01	6
30000	39	0.01	6
31000	16	0.01	6
32000	16	0.01	6
33000	16	0.01	6
34000	16	0.01	6
35000	16	0.01	6
36000	16	0.01	6
37000	16	0.01	6
38000	16	0.01	6
39000	16	0.01	6
40000	16	0.01	6
41000	16	0.01	6
42000	16	0.01	6
43000	16	0.01	6
44000	16	0.01	6
45000	16	0.01	6
46000	16	0.01	6
47000	16	0.01	6
48000	16	0.01	6
49000	16	0.01	6
50000	16	0.01	6
100	64	0.0001	2
1000	64	0.0001	2
2000	64	0.0001	2
3000	64	0.0001	2
4000	64	0.0001	2
5000	64	0.0001	2
6000	64	0.0001	2
7000	64	0.0001	2
8000	64	0.0001	2
9000	64	0.0001	2
10000	64	0.0001	2
11000	64	0.0001	2
12000	64	0.0001	2
13000	64	0.0001	2
14000	64	0.0001	2
15000	64	0.0001	2
16000	64	0.0001	2
17000	64	0.0001	2
18000	64	0.0001	2
19000	64	0.0001	2
20000	64	0.0001	2
21000	64	0.0001	2
22000	64	0.0001	2
23000	64	0.0001	2
24000	64	0.0001	2
25000	64	0.0001	2
26000	64	0.0001	2
27000	64	0.0001	2
28000	64	0.0001	2
29000	64	0.0001	2
30000	64	0.0001	2
31000	64	0.0001	2
32000	64	0.0001	2
33000	64	0.0001	2
34000	64	0.0001	2
35000	64	0.0001	2
36000	64	0.0001	2
37000	64	0.0001	2
38000	64	0.0001	2
39000	64	0.0001	2
40000	64	0.0001	2
41000	64	0.0001	2
42000	64	0.0001	2
43000	64	0.0001	2
44000	64	0.0001	2
45000	64	0.0001	2
46000	64	0.0001	2
47000	64	0.0001	2
48000	64	0.0001	2
49000	64	0.0001	2
50000	64	0.0001	2
100	64	0.01	2
1000	64	0.01	2
2000	64	0.01	2
3000	64	0.01	2
4000	64	0.01	2
5000	64	0.01	2
6000	62	0.01	2
7000	63	0.01	2
8000	63	0.01	2
9000	63	0.01	2
10000	64	0.01	2
11000	64	0.01	2
12000	63	0.01	2
13000	63	0.01	2
14000	64	0.01	2
15000	64	0.01	2
16000	37	0.01	2
17000	37	0.01	2
18000	34	0.01	2
19000	36	0.01	2
20000	36	0.01	2
21000	40	0.01	2
22000	37	0.01	2
23000	33	0.01	2
24000	35	0.01	2
25000	34	0.01	2
26000	32	0.01	2
27000	38	0.01	2
28000	31	0.01	2
29000	34	0.01	2
30000	29	0.01	2
31000	1	0.01	2
32000	1	0.01	2
33000	1	0.01	2
34000	1	0.01	2
35000	1	0.01	2
36000	1	0.01	2
37000	1	0.01	2
38000	2	0.01	2
39000	2	0.01	2
40000	1	0.01	2
41000	1	0.01	2
42000	1	0.01	2
43000	1	0.01	2
44000	1	0.01	2
45000	1	0.01	2
46000	1	0.01	2
47000	1	0.01	2
48000	1	0.01	2
49000	1	0.01	2
50000	1	0.01	2
100	64	0.001	2
1000	64	0.001	2
2000	64	0.001	2
3000	64	0.001	2
4000	64	0.001	2
5000	63	0.001	2
6000	60	0.001	2
7000	59	0.001	2
8000	59	0.001	2
9000	58	0.001	2
10000	55	0.001	2
11000	53	0.001	2
12000	53	0.001	2
13000	53	0.001	2
14000	53	0.001	2
15000	52	0.001	2
16000	51	0.001	2
17000	51	0.001	2
18000	50	0.001	2
19000	49	0.001	2
20000	49	0.001	2
21000	49	0.001	2
22000	49	0.001	2
23000	49	0.001	2
24000	49	0.001	2
25000	49	0.001	2
26000	49	0.001	2
27000	49	0.001	2
28000	49	0.001	2
29000	49	0.001	2
30000	49	0.001	2
31000	49	0.001	2
32000	49	0.001	2
33000	49	0.001	2
34000	49	0.001	2
35000	49	0.001	2
36000	49	0.001	2
37000	49	0.001	2
38000	49	0.001	2
39000	49	0.001	2
40000	49	0.001	2
41000	49	0.001	2
42000	49	0.001	2
43000	49	0.001	2
44000	49	0.001	2
45000	49	0.001	2
46000	49	0.001	2
47000	49	0.001	2
48000	49	0.001	2
49000	49	0.001	2
50000	49	0.001	2
100	64	0	2
1000	64	0	2
2000	64	0	2
3000	64	0	2
4000	64	0	2
5000	64	0	2
6000	64	0	2
7000	64	0	2
8000	64	0	2
9000	64	0	2
10000	64	0	2
11000	64	0	2
12000	64	0	2
13000	64	0	2
14000	64	0	2
15000	64	0	2
16000	64	0	2
17000	64	0	2
18000	64	0	2
19000	64	0	2
20000	64	0	2
21000	64	0	2
22000	64	0	2
23000	64	0	2
24000	64	0	2
25000	64	0	2
26000	64	0	2
27000	64	0	2
28000	64	0	2
29000	64	0	2
30000	64	0	2
31000	64	0	2
32000	64	0	2
33000	64	0	2
34000	64	0	2
35000	64	0	2
36000	64	0	2
37000	64	0	2
38000	64	0	2
39000	64	0	2
40000	64	0	2
41000	64	0	2
42000	64	0	2
43000	64	0	2
44000	64	0	2
45000	64	0	2
46000	64	0	2
47000	64	0	2
48000	64	0	2
49000	64	0	2
50000	64	0	2
100	64	0.1	2
1000	64	0.1	2
2000	64	0.1	2
3000	64	0.1	2
4000	64	0.1	2
5000	64	0.1	2
6000	64	0.1	2
7000	64	0.1	2
8000	64	0.1	2
9000	64	0.1	2
10000	64	0.1	2
11000	64	0.1	2
12000	64	0.1	2
13000	64	0.1	2
14000	64	0.1	2
15000	64	0.1	2
16000	64	0.1	2
17000	64	0.1	2
18000	64	0.1	2
19000	64	0.1	2
20000	64	0.1	2
21000	64	0.1	2
22000	64	0.1	2
23000	64	0.1	2
24000	64	0.1	2
25000	64	0.1	2
26000	64	0.1	2
27000	64	0.1	2
28000	64	0.1	2
29000	64	0.1	2
30000	64	0.1	2
31000	64	0.1	2
32000	63	0.1	2
33000	64	0.1	2
34000	64	0.1	2
35000	63	0.1	2
36000	63	0.1	2
37000	63	0.1	2
38000	64	0.1	2
39000	64	0.1	2
40000	64	0.1	2
41000	63	0.1	2
42000	63	0.1	2
43000	64	0.1	2
44000	64	0.1	2
45000	64	0.1	2
46000	63	0.1	2
47000	64	0.1	2
48000	64	0.1	2
49000	62	0.1	2
50000	62	0.1	2
100	128	0.001	5
1000	128	0.001	5
2000	128	0.001	5
3000	128	0.001	5
4000	128	0.001	5
5000	128	0.001	5
6000	128	0.001	5
7000	128	0.001	5
8000	128	0.001	5
9000	128	0.001	5
10000	128	0.001	5
11000	128	0.001	5
12000	128	0.001	5
13000	128	0.001	5
14000	128	0.001	5
15000	128	0.001	5
16000	124	0.001	5
17000	124	0.001	5
18000	125	0.001	5
19000	127	0.001	5
20000	127	0.001	5
21000	128	0.001	5
22000	128	0.001	5
23000	128	0.001	5
24000	128	0.001	5
25000	128	0.001	5
26000	128	0.001	5
27000	128	0.001	5
28000	128	0.001	5
29000	128	0.001	5
30000	128	0.001	5
31000	125	0.001	5
32000	124	0.001	5
33000	124	0.001	5
34000	121	0.001	5
35000	120	0.001	5
36000	120	0.001	5
37000	121	0.001	5
38000	120	0.001	5
39000	119	0.001	5
40000	119	0.001	5
41000	119	0.001	5
42000	119	0.001	5
43000	120	0.001	5
44000	120	0.001	5
45000	120	0.001	5
46000	119	0.001	5
47000	119	0.001	5
48000	119	0.001	5
49000	119	0.001	5
50000	119	0.001	5
100	128	0.1	5
1000	128	0.1	5
2000	128	0.1	5
3000	128	0.1	5
4000	128	0.1	5
5000	128	0.1	5
6000	128	0.1	5
7000	128	0.1	5
8000	128	0.1	5
9000	128	0.1	5
10000	128	0.1	5
11000	128	0.1	5
12000	128	0.1	5
13000	128	0.1	5
14000	128	0.1	5
15000	128	0.1	5
16000	128	0.1	5
17000	128	0.1	5
18000	128	0.1	5
19000	128	0.1	5
20000	128	0.1	5
21000	128	0.1	5
22000	128	0.1	5
23000	128	0.1	5
24000	128	0.1	5
25000	128	0.1	5
26000	128	0.1	5
27000	128	0.1	5
28000	128	0.1	5
29000	128	0.1	5
30000	128	0.1	5
31000	127	0.1	5
32000	127	0.1	5
33000	127	0.1	5
34000	127	0.1	5
35000	127	0.1	5
36000	128	0.1	5
37000	126	0.1	5
38000	127	0.1	5
39000	128	0.1	5
40000	127	0.1	5
41000	127	0.1	5
42000	128	0.1	5
43000	128	0.1	5
44000	127	0.1	5
45000	127	0.1	5
46000	127	0.1	5
47000	126	0.1	5
48000	125	0.1	5
49000	126	0.1	5
50000	125	0.1	5
100	128	0	5
1000	128	0	5
2000	128	0	5
3000	128	0	5
4000	128	0	5
5000	128	0	5
6000	128	0	5
7000	128	0	5
8000	128	0	5
9000	128	0	5
10000	128	0	5
11000	128	0	5
12000	128	0	5
13000	128	0	5
14000	128	0	5
15000	128	0	5
16000	128	0	5
17000	128	0	5
18000	128	0	5
19000	128	0	5
20000	128	0	5
21000	128	0	5
22000	128	0	5
23000	128	0	5
24000	128	0	5
25000	128	0	5
26000	128	0	5
27000	128	0	5
28000	128	0	5
29000	128	0	5
30000	128	0	5
31000	128	0	5
32000	128	0	5
33000	128	0	5
34000	128	0	5
35000	128	0	5
36000	128	0	5
37000	128	0	5
38000	128	0	5
39000	128	0	5
40000	128	0	5
41000	128	0	5
42000	128	0	5
43000	128	0	5
44000	128	0	5
45000	128	0	5
46000	128	0	5
47000	128	0	5
48000	128	0	5
49000	128	0	5
50000	128	0	5
100	128	0.0001	5
1000	128	0.0001	5
2000	128	0.0001	5
3000	128	0.0001	5
4000	128	0.0001	5
5000	128	0.0001	5
6000	128	0.0001	5
7000	128	0.0001	5
8000	128	0.0001	5
9000	128	0.0001	5
10000	128	0.0001	5
11000	128	0.0001	5
12000	128	0.0001	5
13000	128	0.0001	5
14000	128	0.0001	5
15000	128	0.0001	5
16000	128	0.0001	5
17000	128	0.0001	5
18000	128	0.0001	5
19000	128	0.0001	5
20000	128	0.0001	5
21000	128	0.0001	5
22000	128	0.0001	5
23000	128	0.0001	5
24000	128	0.0001	5
25000	128	0.0001	5
26000	128	0.0001	5
27000	128	0.0001	5
28000	128	0.0001	5
29000	128	0.0001	5
30000	128	0.0001	5
31000	128	0.0001	5
32000	128	0.0001	5
33000	128	0.0001	5
34000	128	0.0001	5
35000	128	0.0001	5
36000	128	0.0001	5
37000	128	0.0001	5
38000	128	0.0001	5
39000	128	0.0001	5
40000	128	0.0001	5
41000	128	0.0001	5
42000	128	0.0001	5
43000	128	0.0001	5
44000	128	0.0001	5
45000	128	0.0001	5
46000	128	0.0001	5
47000	128	0.0001	5
48000	128	0.0001	5
49000	128	0.0001	5
50000	128	0.0001	5
100	128	0.01	5
1000	128	0.01	5
2000	128	0.01	5
3000	128	0.01	5
4000	128	0.01	5
5000	128	0.01	5
6000	128	0.01	5
7000	128	0.01	5
8000	128	0.01	5
9000	128	0.01	5
10000	127	0.01	5
11000	127	0.01	5
12000	127	0.01	5
13000	126	0.01	5
14000	125	0.01	5
15000	124	0.01	5
16000	79	0.01	5
17000	80	0.01	5
18000	77	0.01	5
19000	83	0.01	5
20000	84	0.01	5
21000	81	0.01	5
22000	77	0.01	5
23000	80	0.01	5
24000	86	0.01	5
25000	73	0.01	5
26000	83	0.01	5
27000	73	0.01	5
28000	92	0.01	5
29000	79	0.01	5
30000	81	0.01	5
31000	29	0.01	5
32000	29	0.01	5
33000	29	0.01	5
34000	35	0.01	5
35000	33	0.01	5
36000	32	0.01	5
37000	32	0.01	5
38000	30	0.01	5
39000	31	0.01	5
40000	32	0.01	5
41000	37	0.01	5
42000	31	0.01	5
43000	37	0.01	5
44000	32	0.01	5
45000	28	0.01	5
46000	24	0.01	5
47000	25	0.01	5
48000	26	0.01	5
49000	24	0.01	5
50000	27	0.01	5
100	256	0.0001	7
1000	256	0.0001	7
2000	256	0.0001	7
3000	256	0.0001	7
4000	256	0.0001	7
5000	256	0.0001	7
6000	256	0.0001	7
7000	256	0.0001	7
8000	256	0.0001	7
9000	256	0.0001	7
10000	256	0.0001	7
11000	256	0.0001	7
12000	256	0.0001	7
13000	256	0.0001	7
14000	256	0.0001	7
15000	256	0.0001	7
16000	256	0.0001	7
17000	256	0.0001	7
18000	256	0.0001	7
19000	256	0.0001	7
20000	256	0.0001	7
21000	256	0.0001	7
22000	256	0.0001	7
23000	256	0.0001	7
24000	256	0.0001	7
25000	256	0.0001	7
26000	256	0.0001	7
27000	256	0.0001	7
28000	256	0.0001	7
29000	256	0.0001	7
30000	256	0.0001	7
31000	256	0.0001	7
32000	256	0.0001	7
33000	256	0.0001	7
34000	256	0.0001	7
35000	256	0.0001	7
36000	256	0.0001	7
37000	256	0.0001	7
38000	256	0.0001	7
39000	256	0.0001	7
40000	256	0.0001	7
41000	256	0.0001	7
42000	256	0.0001	7
43000	256	0.0001	7
44000	256	0.0001	7
45000	256	0.0001	7
46000	256	0.0001	7
47000	256	0.0001	7
48000	256	0.0001	7
49000	256	0.0001	7
50000	256	0.0001	7
100	256	0.1	7
1000	256	0.1	7
2000	256	0.1	7
3000	256	0.1	7
4000	256	0.1	7
5000	256	0.1	7
6000	256	0.1	7
7000	256	0.1	7
8000	256	0.1	7
9000	256	0.1	7
10000	256	0.1	7
11000	256	0.1	7
12000	256	0.1	7
13000	256	0.1	7
14000	256	0.1	7
15000	256	0.1	7
16000	256	0.1	7
17000	256	0.1	7
18000	256	0.1	7
19000	256	0.1	7
20000	256	0.1	7
21000	256	0.1	7
22000	256	0.1	7
23000	256	0.1	7
24000	256	0.1	7
25000	256	0.1	7
26000	256	0.1	7
27000	256	0.1	7
28000	256	0.1	7
29000	256	0.1	7
30000	256	0.1	7
31000	244	0.1	7
32000	238	0.1	7
33000	240	0.1	7
34000	247	0.1	7
35000	242	0.1	7
36000	239	0.1	7
37000	243	0.1	7
38000	240	0.1	7
39000	244	0.1	7
40000	247	0.1	7
41000	244	0.1	7
42000	243	0.1	7
43000	241	0.1	7
44000	243	0.1	7
45000	245	0.1	7
46000	157	0.1	7
47000	162	0.1	7
48000	158	0.1	7
49000	155	0.1	7
50000	162	0.1	7
100	256	0.001	7
1000	256	0.001	7
2000	256	0.001	7
3000	256	0.001	7
4000	256	0.001	7
5000	256	0.001	7
6000	256	0.001	7
7000	256	0.001	7
8000	256	0.001	7
9000	256	0.001	7
10000	256	0.001	7
11000	255	0.001	7
12000	255	0.001	7
13000	254	0.001	7
14000	255	0.001	7
15000	256	0.001	7
16000	245	0.001	7
17000	245	0.001	7
18000	245	0.001	7
19000	245	0.001	7
20000	246	0.001	7
21000	246	0.001	7
22000	248	0.001	7
23000	250	0.001	7
24000	249	0.001	7
25000	250	0.001	7
26000	250	0.001	7
27000	250	0.001	7
28000	250	0.001	7
29000	250	0.001	7
30000	250	0.001	7
31000	245	0.001	7
32000	245	0.001	7
33000	245	0.001	7
34000	245	0.001	7
35000	245	0.001	7
36000	245	0.001	7
37000	244	0.001	7
38000	244	0.001	7
39000	244	0.001	7
40000	244	0.001	7
41000	244	0.001	7
42000	245	0.001	7
43000	245	0.001	7
44000	245	0.001	7
45000	244	0.001	7
46000	244	0.001	7
47000	244	0.001	7
48000	244	0.001	7
49000	244	0.001	7
50000	244	0.001	7
100	256	0	7
1000	256	0	7
2000	256	0	7
3000	256	0	7
4000	256	0	7
5000	256	0	7
6000	256	0	7
7000	256	0	7
8000	256	0	7
9000	256	0	7
10000	256	0	7
11000	256	0	7
12000	256	0	7
13000	256	0	7
14000	256	0	7
15000	256	0	7
16000	256	0	7
17000	256	0	7
18000	256	0	7
19000	256	0	7
20000	256	0	7
21000	256	0	7
22000	256	0	7
23000	256	0	7
24000	256	0	7
25000	256	0	7
26000	256	0	7
27000	256	0	7
28000	256	0	7
29000	256	0	7
30000	256	0	7
31000	256	0	7
32000	256	0	7
33000	256	0	7
34000	256	0	7
35000	256	0	7
36000	256	0	7
37000	256	0	7
38000	256	0	7
39000	256	0	7
40000	256	0	7
41000	256	0	7
42000	256	0	7
43000	256	0	7
44000	256	0	7
45000	256	0	7
46000	256	0	7
47000	256	0	7
48000	256	0	7
49000	256	0	7
50000	256	0	7
100	256	0.01	7
1000	256	0.01	7
2000	256	0.01	7
3000	256	0.01	7
4000	256	0.01	7
5000	255	0.01	7
6000	255	0.01	7
7000	250	0.01	7
8000	244	0.01	7
9000	235	0.01	7
10000	223	0.01	7
11000	213	0.01	7
12000	196	0.01	7
13000	189	0.01	7
14000	184	0.01	7
15000	174	0.01	7
16000	85	0.01	7
17000	86	0.01	7
18000	95	0.01	7
19000	85	0.01	7
20000	91	0.01	7
21000	92	0.01	7
22000	86	0.01	7
23000	83	0.01	7
24000	89	0.01	7
25000	90	0.01	7
26000	91	0.01	7
27000	82	0.01	7
28000	91	0.01	7
29000	90	0.01	7
30000	90	0.01	7
31000	54	0.01	7
32000	54	0.01	7
33000	54	0.01	7
34000	56	0.01	7
35000	55	0.01	7
36000	56	0.01	7
37000	57	0.01	7
38000	56	0.01	7
39000	55	0.01	7
40000	57	0.01	7
41000	56	0.01	7
42000	54	0.01	7
43000	57	0.01	7
44000	55	0.01	7
45000	55	0.01	7
46000	50	0.01	7
47000	50	0.01	7
48000	50	0.01	7
49000	51	0.01	7
50000	50	0.01	7
100	128	0	4
1000	128	0	4
2000	128	0	4
3000	128	0	4
4000	128	0	4
5000	128	0	4
6000	128	0	4
7000	128	0	4
8000	128	0	4
9000	128	0	4
10000	128	0	4
11000	128	0	4
12000	128	0	4
13000	128	0	4
14000	128	0	4
15000	128	0	4
16000	128	0	4
17000	128	0	4
18000	128	0	4
19000	128	0	4
20000	128	0	4
21000	128	0	4
22000	128	0	4
23000	128	0	4
24000	128	0	4
25000	128	0	4
26000	128	0	4
27000	128	0	4
28000	128	0	4
29000	128	0	4
30000	128	0	4
31000	128	0	4
32000	128	0	4
33000	128	0	4
34000	128	0	4
35000	128	0	4
36000	128	0	4
37000	128	0	4
38000	128	0	4
39000	128	0	4
40000	128	0	4
41000	128	0	4
42000	128	0	4
43000	128	0	4
44000	128	0	4
45000	128	0	4
46000	128	0	4
47000	128	0	4
48000	128	0	4
49000	128	0	4
50000	128	0	4
100	128	0.001	4
1000	128	0.001	4
2000	128	0.001	4
3000	128	0.001	4
4000	128	0.001	4
5000	127	0.001	4
6000	123	0.001	4
7000	120	0.001	4
8000	116	0.001	4
9000	112	0.001	4
10000	111	0.001	4
11000	108	0.001	4
12000	107	0.001	4
13000	106	0.001	4
14000	105	0.001	4
15000	105	0.001	4
16000	105	0.001	4
17000	105	0.001	4
18000	105	0.001	4
19000	105	0.001	4
20000	105	0.001	4
21000	105	0.001	4
22000	105	0.001	4
23000	105	0.001	4
24000	105	0.001	4
25000	105	0.001	4
26000	105	0.001	4
27000	105	0.001	4
28000	105	0.001	4
29000	105	0.001	4
30000	105	0.001	4
31000	105	0.001	4
32000	105	0.001	4
33000	105	0.001	4
34000	105	0.001	4
35000	105	0.001	4
36000	105	0.001	4
37000	105	0.001	4
38000	105	0.001	4
39000	105	0.001	4
40000	105	0.001	4
41000	105	0.001	4
42000	105	0.001	4
43000	105	0.001	4
44000	105	0.001	4
45000	105	0.001	4
46000	105	0.001	4
47000	105	0.001	4
48000	105	0.001	4
49000	105	0.001	4
50000	105	0.001	4
100	128	0.1	4
1000	128	0.1	4
2000	128	0.1	4
3000	128	0.1	4
4000	128	0.1	4
5000	128	0.1	4
6000	128	0.1	4
7000	128	0.1	4
8000	128	0.1	4
9000	128	0.1	4
10000	128	0.1	4
11000	128	0.1	4
12000	128	0.1	4
13000	128	0.1	4
14000	128	0.1	4
15000	128	0.1	4
16000	128	0.1	4
17000	128	0.1	4
18000	128	0.1	4
19000	128	0.1	4
20000	128	0.1	4
21000	128	0.1	4
22000	128	0.1	4
23000	128	0.1	4
24000	128	0.1	4
25000	128	0.1	4
26000	128	0.1	4
27000	128	0.1	4
28000	128	0.1	4
29000	128	0.1	4
30000	128	0.1	4
31000	126	0.1	4
32000	127	0.1	4
33000	128	0.1	4
34000	127	0.1	4
35000	127	0.1	4
36000	127	0.1	4
37000	127	0.1	4
38000	127	0.1	4
39000	128	0.1	4
40000	128	0.1	4
41000	127	0.1	4
42000	128	0.1	4
43000	125	0.1	4
44000	128	0.1	4
45000	128	0.1	4
46000	126	0.1	4
47000	127	0.1	4
48000	127	0.1	4
49000	125	0.1	4
50000	127	0.1	4
100	128	0.0001	4
1000	128	0.0001	4
2000	128	0.0001	4
3000	128	0.0001	4
4000	128	0.0001	4
5000	128	0.0001	4
6000	128	0.0001	4
7000	128	0.0001	4
8000	128	0.0001	4
9000	128	0.0001	4
10000	128	0.0001	4
11000	128	0.0001	4
12000	128	0.0001	4
13000	128	0.0001	4
14000	128	0.0001	4
15000	128	0.0001	4
16000	128	0.0001	4
17000	128	0.0001	4
18000	128	0.0001	4
19000	128	0.0001	4
20000	128	0.0001	4
21000	128	0.0001	4
22000	128	0.0001	4
23000	128	0.0001	4
24000	128	0.0001	4
25000	128	0.0001	4
26000	128	0.0001	4
27000	128	0.0001	4
28000	128	0.0001	4
29000	128	0.0001	4
30000	128	0.0001	4
31000	128	0.0001	4
32000	128	0.0001	4
33000	128	0.0001	4
34000	128	0.0001	4
35000	128	0.0001	4
36000	128	0.0001	4
37000	128	0.0001	4
38000	128	0.0001	4
39000	128	0.0001	4
40000	128	0.0001	4
41000	128	0.0001	4
42000	128	0.0001	4
43000	128	0.0001	4
44000	128	0.0001	4
45000	128	0.0001	4
46000	128	0.0001	4
47000	128	0.0001	4
48000	128	0.0001	4
49000	128	0.0001	4
50000	128	0.0001	4
100	128	0.01	4
1000	128	0.01	4
2000	128	0.01	4
3000	128	0.01	4
4000	128	0.01	4
5000	127	0.01	4
6000	128	0.01	4
7000	127	0.01	4
8000	127	0.01	4
9000	126	0.01	4
10000	126	0.01	4
11000	125	0.01	4
12000	126	0.01	4
13000	126	0.01	4
14000	126	0.01	4
15000	126	0.01	4
16000	81	0.01	4
17000	87	0.01	4
18000	94	0.01	4
19000	89	0.01	4
20000	91	0.01	4
21000	95	0.01	4
22000	83	0.01	4
23000	83	0.01	4
24000	92	0.01	4
25000	82	0.01	4
26000	90	0.01	4
27000	94	0.01	4
28000	88	0.01	4
29000	79	0.01	4
30000	89	0.01	4
31000	2	0.01	4
32000	4	0.01	4
33000	11	0.01	4
34000	8	0.01	4
35000	10	0.01	4
36000	13	0.01	4
37000	10	0.01	4
38000	9	0.01	4
39000	13	0.01	4
40000	10	0.01	4
41000	10	0.01	4
42000	13	0.01	4
43000	9	0.01	4
44000	9	0.01	4
45000	12	0.01	4
46000	2	0.01	4
47000	2	0.01	4
48000	2	0.01	4
49000	2	0.01	4
50000	2	0.01	4
100	64	0.001	3
1000	64	0.001	3
2000	64	0.001	3
3000	64	0.001	3
4000	64	0.001	3
5000	64	0.001	3
6000	64	0.001	3
7000	64	0.001	3
8000	64	0.001	3
9000	64	0.001	3
10000	64	0.001	3
11000	64	0.001	3
12000	64	0.001	3
13000	64	0.001	3
14000	64	0.001	3
15000	64	0.001	3
16000	64	0.001	3
17000	64	0.001	3
18000	64	0.001	3
19000	64	0.001	3
20000	64	0.001	3
21000	64	0.001	3
22000	64	0.001	3
23000	64	0.001	3
24000	64	0.001	3
25000	64	0.001	3
26000	64	0.001	3
27000	64	0.001	3
28000	64	0.001	3
29000	64	0.001	3
30000	64	0.001	3
31000	64	0.001	3
32000	64	0.001	3
33000	64	0.001	3
34000	64	0.001	3
35000	64	0.001	3
36000	64	0.001	3
37000	64	0.001	3
38000	64	0.001	3
39000	64	0.001	3
40000	64	0.001	3
41000	64	0.001	3
42000	64	0.001	3
43000	64	0.001	3
44000	64	0.001	3
45000	64	0.001	3
46000	64	0.001	3
47000	64	0.001	3
48000	64	0.001	3
49000	64	0.001	3
50000	64	0.001	3
100	64	0.01	3
1000	64	0.01	3
2000	64	0.01	3
3000	64	0.01	3
4000	64	0.01	3
5000	64	0.01	3
6000	64	0.01	3
7000	64	0.01	3
8000	64	0.01	3
9000	64	0.01	3
10000	64	0.01	3
11000	64	0.01	3
12000	64	0.01	3
13000	64	0.01	3
14000	64	0.01	3
15000	64	0.01	3
16000	62	0.01	3
17000	59	0.01	3
18000	62	0.01	3
19000	62	0.01	3
20000	63	0.01	3
21000	64	0.01	3
22000	61	0.01	3
23000	61	0.01	3
24000	61	0.01	3
25000	60	0.01	3
26000	61	0.01	3
27000	58	0.01	3
28000	52	0.01	3
29000	58	0.01	3
30000	60	0.01	3
31000	31	0.01	3
32000	24	0.01	3
33000	27	0.01	3
34000	24	0.01	3
35000	29	0.01	3
36000	25	0.01	3
37000	27	0.01	3
38000	25	0.01	3
39000	22	0.01	3
40000	27	0.01	3
41000	23	0.01	3
42000	26	0.01	3
43000	22	0.01	3
44000	21	0.01	3
45000	22	0.01	3
46000	12	0.01	3
47000	13	0.01	3
48000	13	0.01	3
49000	15	0.01	3
50000	16	0.01	3
100	64	0.0001	3
1000	64	0.0001	3
2000	64	0.0001	3
3000	64	0.0001	3
4000	64	0.0001	3
5000	64	0.0001	3
6000	64	0.0001	3
7000	64	0.0001	3
8000	64	0.0001	3
9000	64	0.0001	3
10000	64	0.0001	3
11000	64	0.0001	3
12000	64	0.0001	3
13000	64	0.0001	3
14000	64	0.0001	3
15000	64	0.0001	3
16000	64	0.0001	3
17000	64	0.0001	3
18000	64	0.0001	3
19000	64	0.0001	3
20000	64	0.0001	3
21000	64	0.0001	3
22000	64	0.0001	3
23000	64	0.0001	3
24000	64	0.0001	3
25000	64	0.0001	3
26000	64	0.0001	3
27000	64	0.0001	3
28000	64	0.0001	3
29000	64	0.0001	3
30000	64	0.0001	3
31000	64	0.0001	3
32000	64	0.0001	3
33000	64	0.0001	3
34000	64	0.0001	3
35000	64	0.0001	3
36000	64	0.0001	3
37000	64	0.0001	3
38000	64	0.0001	3
39000	64	0.0001	3
40000	64	0.0001	3
41000	64	0.0001	3
42000	64	0.0001	3
43000	64	0.0001	3
44000	64	0.0001	3
45000	64	0.0001	3
46000	64	0.0001	3
47000	64	0.0001	3
48000	64	0.0001	3
49000	64	0.0001	3
50000	64	0.0001	3
100	64	0.1	3
1000	64	0.1	3
2000	64	0.1	3
3000	64	0.1	3
4000	64	0.1	3
5000	64	0.1	3
6000	64	0.1	3
7000	64	0.1	3
8000	64	0.1	3
9000	64	0.1	3
10000	64	0.1	3
11000	64	0.1	3
12000	64	0.1	3
13000	64	0.1	3
14000	64	0.1	3
15000	64	0.1	3
16000	64	0.1	3
17000	64	0.1	3
18000	64	0.1	3
19000	64	0.1	3
20000	64	0.1	3
21000	64	0.1	3
22000	64	0.1	3
23000	64	0.1	3
24000	64	0.1	3
25000	64	0.1	3
26000	64	0.1	3
27000	64	0.1	3
28000	64	0.1	3
29000	64	0.1	3
30000	64	0.1	3
31000	63	0.1	3
32000	63	0.1	3
33000	63	0.1	3
34000	64	0.1	3
35000	64	0.1	3
36000	64	0.1	3
37000	64	0.1	3
38000	64	0.1	3
39000	64	0.1	3
40000	64	0.1	3
41000	64	0.1	3
42000	63	0.1	3
43000	64	0.1	3
44000	63	0.1	3
45000	64	0.1	3
46000	63	0.1	3
47000	62	0.1	3
48000	64	0.1	3
49000	62	0.1	3
50000	64	0.1	3
100	64	0	3
1000	64	0	3
2000	64	0	3
3000	64	0	3
4000	64	0	3
5000	64	0	3
6000	64	0	3
7000	64	0	3
8000	64	0	3
9000	64	0	3
10000	64	0	3
11000	64	0	3
12000	64	0	3
13000	64	0	3
14000	64	0	3
15000	64	0	3
16000	64	0	3
17000	64	0	3
18000	64	0	3
19000	64	0	3
20000	64	0	3
21000	64	0	3
22000	64	0	3
23000	64	0	3
24000	64	0	3
25000	64	0	3
26000	64	0	3
27000	64	0	3
28000	64	0	3
29000	64	0	3
30000	64	0	3
31000	64	0	3
32000	64	0	3
33000	64	0	3
34000	64	0	3
35000	64	0	3
36000	64	0	3
37000	64	0	3
38000	64	0	3
39000	64	0	3
40000	64	0	3
41000	64	0	3
42000	64	0	3
43000	64	0	3
44000	64	0	3
45000	64	0	3
46000	64	0	3
47000	64	0	3
48000	64	0	3
49000	64	0	3
50000	64	0	3

