0	0	-0.20	0	57	57	57	57	64
0	1	-0.20	0	0	0	0	0	0
0	2	-0.20	0	0	0	0	1	0
0	3	-0.20	0	0	0	0	4	0
0	4	-0.20	0	0	0	0	2	0
0	5	-0.20	64	7	7	7	0	0
1	0	-0.20	0	1	62	62	62	64
1	1	-0.20	0	1	0	0	0	0
1	2	-0.20	0	0	0	0	0	0
1	3	-0.20	0	7	0	0	0	0
1	4	-0.20	0	38	0	0	0	0
1	5	-0.20	64	17	2	2	2	0
2	0	-0.20	0	1	58	61	61	64
2	1	-0.20	0	0	0	0	0	0
2	2	-0.20	0	0	1	1	1	0
2	3	-0.20	0	13	0	0	1	0
2	4	-0.20	0	37	2	1	1	0
2	5	-0.20	64	13	3	1	0	0
3	0	-0.20	0	1	59	59	59	64
3	1	-0.20	0	0	0	0	0	0
3	2	-0.20	0	2	0	0	0	0
3	3	-0.20	0	6	0	0	1	0
3	4	-0.20	0	33	0	0	4	0
3	5	-0.20	64	22	5	5	0	0
4	0	-0.20	0	0	58	59	59	64
4	1	-0.20	0	0	0	0	0	0
4	2	-0.20	0	0	1	0	0	0
4	3	-0.20	0	2	0	0	3	0
4	4	-0.20	0	29	0	2	2	0
4	5	-0.20	64	33	5	3	0	0
5	0	-0.20	0	1	64	64	64	64
5	1	-0.20	0	0	0	0	0	0
5	2	-0.20	0	0	0	0	0	0
5	3	-0.20	0	7	0	0	0	0
5	4	-0.20	0	45	0	0	0	0
5	5	-0.20	64	11	0	0	0	0
6	0	-0.20	0	2	64	64	64	64
6	1	-0.20	0	0	0	0	0	0
6	2	-0.20	0	4	0	0	0	0
6	3	-0.20	0	14	0	0	0	0
6	4	-0.20	0	28	0	0	0	0
6	5	-0.20	64	16	0	0	0	0
7	0	-0.20	0	1	58	58	58	64
7	1	-0.20	0	0	0	0	0	0
7	2	-0.20	0	0	0	0	0	0
7	3	-0.20	0	4	0	0	0	0
7	4	-0.20	0	39	0	0	0	0
7	5	-0.20	64	20	6	6	6	0
8	0	-0.20	0	0	7	10	41	64
8	1	-0.20	0	0	0	6	16	0
8	2	-0.20	0	0	0	5	7	0
8	3	-0.20	0	0	0	10	0	0
8	4	-0.20	0	2	1	13	0	0
8	5	-0.20	64	62	56	20	0	0
0	0	-0.50	0	56	56	56	56	64
0	1	-0.50	0	0	0	0	0	0
0	2	-0.50	0	0	0	0	1	0
0	3	-0.50	0	0	0	0	4	0
0	4	-0.50	0	0	0	1	2	0
0	5	-0.50	64	8	8	7	1	0
1	0	-0.50	0	1	61	61	61	64
1	1	-0.50	0	0	0	0	0	0
1	2	-0.50	0	1	0	0	0	0
1	3	-0.50	0	8	0	0	0	0
1	4	-0.50	0	38	0	0	1	0
1	5	-0.50	64	16	3	3	2	0
2	0	-0.50	0	0	54	59	59	64
2	1	-0.50	0	0	1	0	0	0
2	2	-0.50	0	1	1	0	1	0
2	3	-0.50	0	9	1	1	1	0
2	4	-0.50	0	27	2	0	3	0
2	5	-0.50	64	27	5	4	0	0
3	0	-0.50	0	1	58	58	58	64
3	1	-0.50	0	0	0	0	0	0
3	2	-0.50	0	0	0	0	0	0
3	3	-0.50	0	9	0	0	1	0
3	4	-0.50	0	35	0	0	2	0
3	5	-0.50	64	19	6	6	3	0
4	0	-0.50	0	0	50	56	56	64
4	1	-0.50	0	1	1	0	1	0
4	2	-0.50	0	0	3	1	3	0
4	3	-0.50	0	2	1	0	1	0
4	4	-0.50	0	7	1	2	3	0
4	5	-0.50	64	54	8	5	0	0
5	0	-0.50	0	0	64	64	64	64
5	1	-0.50	0	0	0	0	0	0
5	2	-0.50	0	1	0	0	0	0
5	3	-0.50	0	10	0	0	0	0
5	4	-0.50	0	32	0	0	0	0
5	5	-0.50	64	21	0	0	0	0
6	0	-0.50	0	5	64	64	64	64
6	1	-0.50	0	0	0	0	0	0
6	2	-0.50	0	3	0	0	0	0
6	3	-0.50	0	8	0	0	0	0
6	4	-0.50	0	39	0	0	0	0
6	5	-0.50	64	9	0	0	0	0
7	0	-0.50	0	0	54	54	54	64
7	1	-0.50	0	0	0	0	0	0
7	2	-0.50	0	1	0	0	0	0
7	3	-0.50	0	8	0	0	1	0
7	4	-0.50	0	33	0	0	2	0
7	5	-0.50	64	22	10	10	7	0
8	0	-0.50	0	0	6	11	24	64
8	1	-0.50	0	0	0	3	17	0
8	2	-0.50	0	0	0	5	20	0
8	3	-0.50	0	0	2	5	3	0
8	4	-0.50	0	2	1	7	0	0
8	5	-0.50	64	62	55	33	0	0
0	0	-1.00	0	56	56	56	56	64
0	1	-1.00	0	0	0	0	0	0
0	2	-1.00	0	0	0	0	0	0
0	3	-1.00	0	0	0	0	0	0
0	4	-1.00	0	0	0	0	4	0
0	5	-1.00	64	8	8	8	4	0
1	0	-1.00	0	6	58	58	58	61
1	1	-1.00	0	0	0	0	0	2
1	2	-1.00	0	1	1	1	1	1
1	3	-1.00	0	5	0	0	1	0
1	4	-1.00	0	33	0	0	0	0
1	5	-1.00	64	19	5	5	4	0
2	0	-1.00	0	0	48	57	57	64
2	1	-1.00	0	0	0	0	1	0
2	2	-1.00	0	0	0	0	1	0
2	3	-1.00	0	8	0	0	0	0
2	4	-1.00	0	22	1	1	2	0
2	5	-1.00	64	34	15	6	3	0
3	0	-1.00	0	0	59	59	59	64
3	1	-1.00	0	0	0	0	0	0
3	2	-1.00	0	1	0	0	0	0
3	3	-1.00	0	6	0	0	0	0
3	4	-1.00	0	36	0	0	2	0
3	5	-1.00	64	21	5	5	3	0
4	0	-1.00	0	0	48	55	55	64
4	1	-1.00	0	0	1	1	3	0
4	2	-1.00	0	0	0	0	1	0
4	3	-1.00	0	3	0	0	3	0
4	4	-1.00	0	18	1	1	2	0
4	5	-1.00	64	43	14	7	0	0
5	0	-1.00	0	1	55	55	55	64
5	1	-1.00	0	0	0	0	0	0
5	2	-1.00	0	5	0	0	4	0
5	3	-1.00	0	6	0	0	1	0
5	4	-1.00	0	33	0	0	4	0
5	5	-1.00	64	19	9	9	0	0
6	0	-1.00	0	0	6	53	53	64
6	1	-1.00	0	0	3	1	1	0
6	2	-1.00	0	0	2	0	0	0
6	3	-1.00	0	0	5	0	0	0
6	4	-1.00	0	3	24	0	2	0
6	5	-1.00	64	61	24	10	8	0
7	0	-1.00	0	0	55	55	55	64
7	1	-1.00	0	0	0	0	0	0
7	2	-1.00	0	0	0	0	0	0
7	3	-1.00	0	13	0	0	0	0
7	4	-1.00	0	33	0	0	2	0
7	5	-1.00	64	18	9	9	7	0
8	0	-1.00	0	0	3	7	22	64
8	1	-1.00	0	0	0	1	17	0
8	2	-1.00	0	0	1	3	24	0
8	3	-1.00	0	0	0	3	1	0
8	4	-1.00	0	0	1	14	0	0
8	5	-1.00	64	64	59	36	0	0
0	0	-1.50	0	54	54	54	54	62
0	1	-1.50	0	0	0	0	0	0
0	2	-1.50	0	0	0	0	0	2
0	3	-1.50	0	0	0	0	0	0
0	4	-1.50	0	0	0	0	1	0
0	5	-1.50	64	10	10	10	9	0
1	0	-1.50	0	6	57	57	57	58
1	1	-1.50	0	0	0	0	0	1
1	2	-1.50	0	1	0	0	0	1
1	3	-1.50	0	6	0	0	0	1
1	4	-1.50	0	38	0	0	0	3
1	5	-1.50	64	13	7	7	7	0
2	0	-1.50	0	0	32	50	51	62
2	1	-1.50	0	0	2	1	2	2
2	2	-1.50	0	0	4	1	0	0
2	3	-1.50	0	0	3	0	4	0
2	4	-1.50	0	3	1	2	1	0
2	5	-1.50	64	61	22	10	6	0
3	0	-1.50	0	2	57	57	57	59
3	1	-1.50	0	0	0	0	0	2
3	2	-1.50	0	3	0	0	1	1
3	3	-1.50	0	6	0	0	1	2
3	4	-1.50	0	34	0	1	0	0
3	5	-1.50	64	19	7	6	5	0
4	0	-1.50	0	0	36	50	55	60
4	1	-1.50	0	0	3	4	2	3
4	2	-1.50	0	0	1	0	3	1
4	3	-1.50	0	0	4	2	1	0
4	4	-1.50	0	6	2	1	1	0
4	5	-1.50	64	58	18	7	2	0
5	0	-1.50	0	1	48	48	48	57
5	1	-1.50	0	0	0	0	0	7
5	2	-1.50	0	0	0	0	1	0
5	3	-1.50	0	4	0	0	6	0
5	4	-1.50	0	30	0	0	8	0
5	5	-1.50	64	29	16	16	1	0
6	0	-1.50	0	0	4	54	54	59
6	1	-1.50	0	0	1	0	0	2
6	2	-1.50	0	0	0	0	0	3
6	3	-1.50	0	0	1	0	0	0
6	4	-1.50	0	0	9	0	0	0
6	5	-1.50	64	64	49	10	10	0
7	0	-1.50	0	2	53	53	53	64
7	1	-1.50	0	1	0	0	0	0
7	2	-1.50	0	1	0	1	1	0
7	3	-1.50	0	10	0	0	0	0
7	4	-1.50	0	30	0	0	0	0
7	5	-1.50	64	20	11	10	10	0
8	0	-1.50	0	0	1	4	12	64
8	1	-1.50	0	0	0	12	17	0
8	2	-1.50	0	0	0	6	24	0
8	3	-1.50	0	0	0	8	10	0
8	4	-1.50	0	0	2	11	1	0
8	5	-1.50	64	64	61	23	0	0
0	0	-2.00	0	49	49	49	49	55
0	1	-2.00	0	1	1	1	1	1
0	2	-2.00	0	0	0	0	0	3
0	3	-2.00	0	0	0	0	0	4
0	4	-2.00	0	0	0	1	2	1
0	5	-2.00	64	14	14	13	12	0
1	0	-2.00	0	13	52	52	52	53
1	1	-2.00	0	0	0	0	0	0
1	2	-2.00	0	0	0	0	0	1
1	3	-2.00	0	8	0	0	0	2
1	4	-2.00	0	23	0	0	1	5
1	5	-2.00	64	20	12	12	11	3
2	0	-2.00	0	0	8	40	42	48
2	1	-2.00	0	0	2	1	2	6
2	2	-2.00	0	0	3	1	2	4
2	3	-2.00	0	0	10	4	3	2
2	4	-2.00	0	1	4	1	2	4
2	5	-2.00	64	63	37	17	13	0
3	0	-2.00	0	4	55	55	55	56
3	1	-2.00	0	0	0	0	0	2
3	2	-2.00	0	0	0	0	1	0
3	3	-2.00	0	10	0	0	0	0
3	4	-2.00	0	30	0	0	1	2
3	5	-2.00	64	20	9	9	7	4
4	0	-2.00	0	0	16	48	49	56
4	1	-2.00	0	0	3	1	3	2
4	2	-2.00	0	0	6	1	1	2
4	3	-2.00	0	0	3	1	3	2
4	4	-2.00	0	2	4	3	1	2
4	5	-2.00	64	62	32	10	7	0
5	0	-2.00	0	4	48	48	48	50
5	1	-2.00	0	0	0	0	0	2
5	2	-2.00	0	5	0	0	1	6
5	3	-2.00	0	8	0	0	1	5
5	4	-2.00	0	24	0	1	6	1
5	5	-2.00	64	23	16	15	8	0
6	0	-2.00	0	0	0	49	52	52
6	1	-2.00	0	0	0	1	0	0
6	2	-2.00	0	0	0	0	0	1
6	3	-2.00	0	0	3	0	0	3
6	4	-2.00	0	0	4	2	0	8
6	5	-2.00	64	64	57	12	12	0
7	0	-2.00	0	2	45	45	46	57
7	1	-2.00	0	1	1	3	4	3
7	2	-2.00	0	0	0	2	2	3
7	3	-2.00	0	12	0	1	2	1
7	4	-2.00	0	24	0	2	1	0
7	5	-2.00	64	25	18	11	9	0
8	0	-2.00	0	0	0	3	4	42
8	1	-2.00	0	0	0	13	16	22
8	2	-2.00	0	0	0	10	15	0
8	3	-2.00	0	0	0	9	16	0
8	4	-2.00	0	0	0	8	13	0
8	5	-2.00	64	64	64	21	0	0
