Layer_num	sz	alpha	tau_0	tau_e-5	tau_e-4	tau_e-3	tau_e-2	tau_e-1
0	0	-1.00	0	10	10	10	14	16
0	1	-1.00	0	0	0	0	1	0
0	2	-1.00	0	0	0	1	1	0
0	3	-1.00	0	0	0	0	0	0
0	4	-1.00	0	0	0	0	0	0
0	5	-1.00	16	6	6	5	0	0
1	0	-1.00	0	32	32	32	32	32
1	1	-1.00	0	0	0	0	0	0
1	2	-1.00	0	0	0	0	0	0
1	3	-1.00	0	0	0	0	0	0
1	4	-1.00	0	0	0	0	0	0
1	5	-1.00	32	0	0	0	0	0
2	0	-1.00	0	32	32	32	32	32
2	1	-1.00	0	0	0	0	0	0
2	2	-1.00	0	0	0	0	0	0
2	3	-1.00	0	0	0	0	0	0
2	4	-1.00	0	0	0	0	0	0
2	5	-1.00	32	0	0	0	0	0
3	0	-1.00	0	31	31	31	32	32
3	1	-1.00	0	0	0	0	0	0
3	2	-1.00	0	0	0	0	0	0
3	3	-1.00	0	0	0	0	0	0
3	4	-1.00	0	0	0	0	0	0
3	5	-1.00	32	1	1	1	0	0
4	0	-1.00	0	23	31	31	31	32
4	1	-1.00	0	0	0	0	0	0
4	2	-1.00	0	2	0	0	0	0
4	3	-1.00	0	1	0	0	1	0
4	4	-1.00	0	3	0	0	0	0
4	5	-1.00	32	3	1	1	0	0
5	0	-1.00	0	60	60	60	63	64
5	1	-1.00	0	0	0	0	0	0
5	2	-1.00	0	0	0	0	0	0
5	3	-1.00	0	0	0	0	0	0
5	4	-1.00	0	0	0	0	1	0
5	5	-1.00	64	4	4	4	0	0
6	0	-1.00	0	39	60	60	62	64
6	1	-1.00	0	0	0	0	0	0
6	2	-1.00	0	0	0	0	0	0
6	3	-1.00	0	0	0	0	1	0
6	4	-1.00	0	5	0	0	1	0
6	5	-1.00	64	20	4	4	0	0
7	0	-1.00	0	59	59	59	59	64
7	1	-1.00	0	0	0	0	0	0
7	2	-1.00	0	0	0	0	1	0
7	3	-1.00	0	0	0	0	2	0
7	4	-1.00	0	0	0	0	2	0
7	5	-1.00	64	5	5	5	0	0
8	0	-1.00	0	7	23	33	64	64
8	1	-1.00	0	0	0	0	0	0
8	2	-1.00	0	0	0	0	0	0
8	3	-1.00	0	1	1	4	0	0
8	4	-1.00	0	2	1	10	0	0
8	5	-1.00	64	54	39	17	0	0
0	0	-2.00	0	8	8	8	8	16
0	1	-2.00	0	0	0	0	0	0
0	2	-2.00	0	0	0	0	1	0
0	3	-2.00	0	0	0	0	0	0
0	4	-2.00	0	0	0	0	5	0
0	5	-2.00	16	8	8	8	2	0
1	0	-2.00	0	30	30	30	30	32
1	1	-2.00	0	0	0	0	0	0
1	2	-2.00	0	0	0	0	0	0
1	3	-2.00	0	0	0	0	0	0
1	4	-2.00	0	0	0	0	0	0
1	5	-2.00	32	2	2	2	2	0
2	0	-2.00	0	17	29	30	30	32
2	1	-2.00	0	0	0	0	0	0
2	2	-2.00	0	0	0	0	0	0
2	3	-2.00	0	3	0	0	1	0
2	4	-2.00	0	5	1	0	1	0
2	5	-2.00	32	7	2	2	0	0
3	0	-2.00	0	30	30	30	30	32
3	1	-2.00	0	0	0	0	0	0
3	2	-2.00	0	0	0	0	0	0
3	3	-2.00	0	0	0	0	0	0
3	4	-2.00	0	0	0	0	0	0
3	5	-2.00	32	2	2	2	2	0
4	0	-2.00	0	17	29	30	30	32
4	1	-2.00	0	0	0	0	0	0
4	2	-2.00	0	0	0	0	1	0
4	3	-2.00	0	2	0	0	0	0
4	4	-2.00	0	5	0	0	0	0
4	5	-2.00	32	8	3	2	1	0
5	0	-2.00	0	56	56	56	56	64
5	1	-2.00	0	0	0	0	0	0
5	2	-2.00	0	0	0	0	0	0
5	3	-2.00	0	0	0	0	2	0
5	4	-2.00	0	0	0	1	3	0
5	5	-2.00	64	8	8	7	3	0
6	0	-2.00	0	6	44	55	55	64
6	1	-2.00	0	0	0	0	0	0
6	2	-2.00	0	0	0	0	0	0
6	3	-2.00	0	0	0	0	0	0
6	4	-2.00	0	1	9	0	0	0
6	5	-2.00	64	57	11	9	9	0
7	0	-2.00	0	55	55	55	55	64
7	1	-2.00	0	0	0	0	0	0
7	2	-2.00	0	0	0	0	0	0
7	3	-2.00	0	0	0	0	0	0
7	4	-2.00	0	0	0	0	0	0
7	5	-2.00	64	9	9	9	9	0
8	0	-2.00	0	4	7	15	57	64
8	1	-2.00	0	0	0	0	3	0
8	2	-2.00	0	0	0	1	2	0
8	3	-2.00	0	0	0	0	2	0
8	4	-2.00	0	0	0	0	0	0
8	5	-2.00	64	60	57	48	0	0
0	0	-3.00	0	8	8	8	8	11
0	1	-3.00	0	0	0	0	0	1
0	2	-3.00	0	0	0	0	0	1
0	3	-3.00	0	0	0	0	0	3
0	4	-3.00	0	0	0	0	0	0
0	5	-3.00	16	8	8	8	8	0
1	0	-3.00	0	24	24	24	24	31
1	1	-3.00	0	0	0	0	0	0
1	2	-3.00	0	0	0	0	0	0
1	3	-3.00	0	0	0	0	0	0
1	4	-3.00	0	0	0	0	0	0
1	5	-3.00	32	8	8	8	8	1
2	0	-3.00	0	5	18	26	26	31
2	1	-3.00	0	0	0	0	0	0
2	2	-3.00	0	0	0	0	0	0
2	3	-3.00	0	0	2	0	0	0
2	4	-3.00	0	1	1	0	2	0
2	5	-3.00	32	26	11	6	4	1
3	0	-3.00	0	23	23	23	23	32
3	1	-3.00	0	0	0	0	0	0
3	2	-3.00	0	0	0	0	0	0
3	3	-3.00	0	0	0	0	0	0
3	4	-3.00	0	0	0	0	0	0
3	5	-3.00	32	9	9	9	9	0
4	0	-3.00	0	3	15	26	26	32
4	1	-3.00	0	0	0	0	0	0
4	2	-3.00	0	0	0	0	0	0
4	3	-3.00	0	0	0	0	0	0
4	4	-3.00	0	0	1	0	0	0
4	5	-3.00	32	29	16	6	6	0
5	0	-3.00	0	53	53	53	53	64
5	1	-3.00	0	0	0	0	0	0
5	2	-3.00	0	0	0	0	0	0
5	3	-3.00	0	0	0	0	0	0
5	4	-3.00	0	0	0	0	1	0
5	5	-3.00	64	11	11	11	10	0
6	0	-3.00	0	3	24	54	54	64
6	1	-3.00	0	0	0	0	0	0
6	2	-3.00	0	0	0	0	0	0
6	3	-3.00	0	0	0	0	0	0
6	4	-3.00	0	0	3	0	1	0
6	5	-3.00	64	61	37	10	9	0
7	0	-3.00	0	54	54	54	54	64
7	1	-3.00	0	0	0	0	0	0
7	2	-3.00	0	0	0	0	0	0
7	3	-3.00	0	0	0	0	0	0
7	4	-3.00	0	0	0	0	0	0
7	5	-3.00	64	10	10	10	10	0
8	0	-3.00	0	1	3	9	23	64
8	1	-3.00	0	0	0	0	6	0
8	2	-3.00	0	0	0	0	6	0
8	3	-3.00	0	0	1	0	25	0
8	4	-3.00	0	0	1	1	4	0
8	5	-3.00	64	63	59	54	0	0
0	0	-4.00	0	2	2	2	2	3
0	1	-4.00	0	0	0	0	0	0
0	2	-4.00	0	0	0	0	0	0
0	3	-4.00	0	0	0	0	0	1
0	4	-4.00	0	0	0	0	1	2
0	5	-4.00	16	14	14	14	13	10
1	0	-4.00	0	15	15	15	15	17
1	1	-4.00	0	0	0	0	0	0
1	2	-4.00	0	0	0	0	0	0
1	3	-4.00	0	0	0	0	0	0
1	4	-4.00	0	0	0	0	0	1
1	5	-4.00	32	17	17	17	17	14
2	0	-4.00	0	0	8	14	15	18
2	1	-4.00	0	0	0	0	0	0
2	2	-4.00	0	0	0	0	0	0
2	3	-4.00	0	0	0	0	0	0
2	4	-4.00	0	0	0	0	0	2
2	5	-4.00	32	32	24	18	17	12
3	0	-4.00	0	20	20	20	20	22
3	1	-4.00	0	0	0	0	0	0
3	2	-4.00	0	0	0	0	0	0
3	3	-4.00	0	0	0	0	1	0
3	4	-4.00	0	0	0	0	0	1
3	5	-4.00	32	12	12	12	11	9
4	0	-4.00	0	1	10	20	20	25
4	1	-4.00	0	0	0	0	0	0
4	2	-4.00	0	0	0	0	0	0
4	3	-4.00	0	0	0	0	1	0
4	4	-4.00	0	1	1	0	1	1
4	5	-4.00	32	30	21	12	10	6
5	0	-4.00	0	44	44	44	44	50
5	1	-4.00	0	0	0	0	0	0
5	2	-4.00	0	0	0	0	0	0
5	3	-4.00	0	0	0	0	0	1
5	4	-4.00	0	0	0	0	0	0
5	5	-4.00	64	20	20	20	20	13
6	0	-4.00	0	1	26	50	50	51
6	1	-4.00	0	0	0	0	0	0
6	2	-4.00	0	0	0	0	0	0
6	3	-4.00	0	0	0	0	0	0
6	4	-4.00	0	0	0	0	0	0
6	5	-4.00	64	63	38	14	14	13
7	0	-4.00	0	52	53	53	53	55
7	1	-4.00	0	0	0	0	0	0
7	2	-4.00	0	0	0	0	0	0
7	3	-4.00	0	0	0	0	0	0
7	4	-4.00	0	0	0	0	0	5
7	5	-4.00	64	12	11	11	11	4
8	0	-4.00	0	0	1	3	3	64
8	1	-4.00	0	0	0	0	0	0
8	2	-4.00	0	0	0	0	0	0
8	3	-4.00	0	0	0	0	1	0
8	4	-4.00	0	0	0	0	11	0
8	5	-4.00	64	64	63	61	49	0
