Layer_num	sz	alpha	tau_0	tau_e-5	tau_e-4	tau_e-3	tau_e-2	tau_e-1
0	0	-1.00	0	2	7	7	11	16
0	1	-1.00	0	0	0	0	1	0
0	2	-1.00	0	0	0	0	2	0
0	3	-1.00	16	14	9	9	2	0
1	0	-1.00	0	0	16	16	16	16
1	1	-1.00	0	0	0	0	0	0
1	2	-1.00	0	0	0	0	0	0
1	3	-1.00	16	16	0	0	0	0
2	0	-1.00	0	0	16	16	16	16
2	1	-1.00	0	0	0	0	0	0
2	2	-1.00	0	0	0	0	0	0
2	3	-1.00	16	16	0	0	0	0
3	0	-1.00	0	0	16	16	16	16
3	1	-1.00	0	0	0	0	0	0
3	2	-1.00	0	0	0	0	0	0
3	3	-1.00	16	16	0	0	0	0
4	0	-1.00	0	0	16	16	16	16
4	1	-1.00	0	0	0	0	0	0
4	2	-1.00	0	0	0	0	0	0
4	3	-1.00	16	16	0	0	0	0
5	0	-1.00	0	0	16	16	16	16
5	1	-1.00	0	0	0	0	0	0
5	2	-1.00	0	0	0	0	0	0
5	3	-1.00	16	16	0	0	0	0
6	0	-1.00	0	0	16	16	16	16
6	1	-1.00	0	0	0	0	0	0
6	2	-1.00	0	0	0	0	0	0
6	3	-1.00	16	16	0	0	0	0
7	0	-1.00	0	0	27	27	27	32
7	1	-1.00	0	0	0	0	0	0
7	2	-1.00	0	0	0	0	0	0
7	3	-1.00	32	32	5	5	5	0
8	0	-1.00	0	0	15	22	26	30
8	1	-1.00	0	0	0	0	0	0
8	2	-1.00	0	0	1	0	0	2
8	3	-1.00	32	32	16	10	6	0
9	0	-1.00	0	0	32	32	32	32
9	1	-1.00	0	0	0	0	0	0
9	2	-1.00	0	0	0	0	0	0
9	3	-1.00	32	32	0	0	0	0
10	0	-1.00	0	0	32	32	32	32
10	1	-1.00	0	0	0	0	0	0
10	2	-1.00	0	0	0	0	0	0
10	3	-1.00	32	32	0	0	0	0
11	0	-1.00	0	0	32	32	32	32
11	1	-1.00	0	0	0	0	0	0
11	2	-1.00	0	0	0	0	0	0
11	3	-1.00	32	32	0	0	0	0
12	0	-1.00	0	0	32	32	32	32
12	1	-1.00	0	0	0	0	0	0
12	2	-1.00	0	0	0	0	0	0
12	3	-1.00	32	32	0	0	0	0
13	0	-1.00	0	0	57	57	57	63
13	1	-1.00	0	0	0	0	0	0
13	2	-1.00	0	0	0	0	0	1
13	3	-1.00	64	64	7	7	7	0
14	0	-1.00	0	0	33	35	40	61
14	1	-1.00	0	0	0	0	0	0
14	2	-1.00	0	0	0	1	1	2
14	3	-1.00	64	64	31	28	23	1
15	0	-1.00	0	0	63	63	63	63
15	1	-1.00	0	0	0	0	0	0
15	2	-1.00	0	0	0	0	0	0
15	3	-1.00	64	64	1	1	1	1
16	0	-1.00	0	0	36	40	48	64
16	1	-1.00	0	0	0	1	4	0
16	2	-1.00	0	0	0	0	5	0
16	3	-1.00	64	64	28	23	7	0
17	0	-1.00	0	0	64	64	64	64
17	1	-1.00	0	0	0	0	0	0
17	2	-1.00	0	0	0	0	0	0
17	3	-1.00	64	64	0	0	0	0
18	0	-1.00	0	0	55	64	64	64
18	1	-1.00	0	0	0	0	0	0
18	2	-1.00	0	0	7	0	0	0
18	3	-1.00	64	64	2	0	0	0
0	0	-2.00	0	5	9	9	9	10
0	1	-2.00	0	0	0	0	0	1
0	2	-2.00	0	0	0	0	2	2
0	3	-2.00	16	11	7	7	5	3
1	0	-2.00	0	0	7	7	7	7
1	1	-2.00	0	0	0	0	0	0
1	2	-2.00	0	0	0	0	0	0
1	3	-2.00	16	16	9	9	9	9
2	0	-2.00	0	0	2	2	3	4
2	1	-2.00	0	0	0	0	0	1
2	2	-2.00	0	0	0	0	0	1
2	3	-2.00	16	16	14	14	13	10
3	0	-2.00	0	0	11	11	11	11
3	1	-2.00	0	0	0	0	0	0
3	2	-2.00	0	0	0	0	0	0
3	3	-2.00	16	16	5	5	5	5
4	0	-2.00	0	0	2	2	4	9
4	1	-2.00	0	0	0	0	0	0
4	2	-2.00	0	0	0	0	2	1
4	3	-2.00	16	16	14	14	10	6
5	0	-2.00	0	0	16	16	16	16
5	1	-2.00	0	0	0	0	0	0
5	2	-2.00	0	0	0	0	0	0
5	3	-2.00	16	16	0	0	0	0
6	0	-2.00	0	0	16	16	16	16
6	1	-2.00	0	0	0	0	0	0
6	2	-2.00	0	0	0	0	0	0
6	3	-2.00	16	16	0	0	0	0
7	0	-2.00	0	0	31	31	31	31
7	1	-2.00	0	0	0	0	0	0
7	2	-2.00	0	0	0	0	0	0
7	3	-2.00	32	32	1	1	1	1
8	0	-2.00	0	0	9	14	18	21
8	1	-2.00	0	0	0	0	1	7
8	2	-2.00	0	0	0	0	1	0
8	3	-2.00	32	32	23	18	12	4
9	0	-2.00	0	0	32	32	32	32
9	1	-2.00	0	0	0	0	0	0
9	2	-2.00	0	0	0	0	0	0
9	3	-2.00	32	32	0	0	0	0
10	0	-2.00	0	0	32	32	32	32
10	1	-2.00	0	0	0	0	0	0
10	2	-2.00	0	0	0	0	0	0
10	3	-2.00	32	32	0	0	0	0
11	0	-2.00	0	0	32	32	32	32
11	1	-2.00	0	0	0	0	0	0
11	2	-2.00	0	0	0	0	0	0
11	3	-2.00	32	32	0	0	0	0
12	0	-2.00	0	0	32	32	32	32
12	1	-2.00	0	0	0	0	0	0
12	2	-2.00	0	0	0	0	0	0
12	3	-2.00	32	32	0	0	0	0
13	0	-2.00	0	0	44	44	44	44
13	1	-2.00	0	0	0	0	0	0
13	2	-2.00	0	0	0	0	0	0
13	3	-2.00	64	64	20	20	20	20
14	0	-2.00	0	0	18	18	22	23
14	1	-2.00	0	0	0	0	0	0
14	2	-2.00	0	0	0	0	0	0
14	3	-2.00	64	64	46	46	42	41
15	0	-2.00	0	0	54	54	54	54
15	1	-2.00	0	0	0	0	0	0
15	2	-2.00	0	0	0	0	0	0
15	3	-2.00	64	64	10	10	10	10
16	0	-2.00	0	0	18	18	24	34
16	1	-2.00	0	0	0	0	0	1
16	2	-2.00	0	0	0	0	1	1
16	3	-2.00	64	64	46	46	39	28
17	0	-2.00	0	0	64	64	64	64
17	1	-2.00	0	0	0	0	0	0
17	2	-2.00	0	0	0	0	0	0
17	3	-2.00	64	64	0	0	0	0
18	0	-2.00	0	0	64	64	64	64
18	1	-2.00	0	0	0	0	0	0
18	2	-2.00	0	0	0	0	0	0
18	3	-2.00	64	64	0	0	0	0
0	0	-3.00	0	3	6	6	6	7
0	1	-3.00	0	0	0	0	0	0
0	2	-3.00	0	0	0	0	0	1
0	3	-3.00	16	13	10	10	10	8
1	0	-3.00	0	0	0	0	0	0
1	1	-3.00	0	0	0	0	0	0
1	2	-3.00	0	0	0	0	0	0
1	3	-3.00	16	16	16	16	16	16
2	0	-3.00	0	0	0	0	0	0
2	1	-3.00	0	0	0	0	0	0
2	2	-3.00	0	0	0	0	0	0
2	3	-3.00	16	16	16	16	16	16
3	0	-3.00	0	0	5	5	5	5
3	1	-3.00	0	0	0	0	0	0
3	2	-3.00	0	0	0	0	0	0
3	3	-3.00	16	16	11	11	11	11
4	0	-3.00	0	0	0	0	0	0
4	1	-3.00	0	0	0	0	0	0
4	2	-3.00	0	0	0	0	0	0
4	3	-3.00	16	16	16	16	16	16
5	0	-3.00	0	0	12	12	12	12
5	1	-3.00	0	0	0	0	0	0
5	2	-3.00	0	0	0	0	0	0
5	3	-3.00	16	16	4	4	4	4
6	0	-3.00	0	0	0	0	2	7
6	1	-3.00	0	0	0	0	0	1
6	2	-3.00	0	0	0	0	2	1
6	3	-3.00	16	16	16	16	12	7
7	0	-3.00	0	0	22	22	22	22
7	1	-3.00	0	0	0	0	0	0
7	2	-3.00	0	0	0	0	0	0
7	3	-3.00	32	32	10	10	10	10
8	0	-3.00	0	0	0	0	1	4
8	1	-3.00	0	0	0	0	1	0
8	2	-3.00	0	0	0	0	0	3
8	3	-3.00	32	32	32	32	30	25
9	0	-3.00	0	0	10	10	10	10
9	1	-3.00	0	0	0	0	0	0
9	2	-3.00	0	0	0	0	0	0
9	3	-3.00	32	32	22	22	22	22
10	0	-3.00	0	0	0	0	0	1
10	1	-3.00	0	0	0	0	0	0
10	2	-3.00	0	0	0	0	0	0
10	3	-3.00	32	32	32	32	32	31
11	0	-3.00	0	0	27	27	27	27
11	1	-3.00	0	0	0	0	0	0
11	2	-3.00	0	0	0	0	0	0
11	3	-3.00	32	32	5	5	5	5
12	0	-3.00	0	0	0	0	8	15
12	1	-3.00	0	0	0	0	1	2
12	2	-3.00	0	0	0	0	1	7
12	3	-3.00	32	32	32	32	22	8
13	0	-3.00	0	0	13	13	13	13
13	1	-3.00	0	0	0	0	0	0
13	2	-3.00	0	0	0	0	0	0
13	3	-3.00	64	64	51	51	51	51
14	0	-3.00	0	0	0	0	0	0
14	1	-3.00	0	0	0	0	0	0
14	2	-3.00	0	0	0	0	0	0
14	3	-3.00	64	64	64	64	64	64
15	0	-3.00	0	0	14	14	14	14
15	1	-3.00	0	0	0	0	0	0
15	2	-3.00	0	0	0	0	0	0
15	3	-3.00	64	64	50	50	50	50
16	0	-3.00	0	0	4	8	16	16
16	1	-3.00	0	0	0	0	0	0
16	2	-3.00	0	0	0	0	0	0
16	3	-3.00	64	64	60	56	48	48
17	0	-3.00	0	0	61	61	61	61
17	1	-3.00	0	0	0	0	0	0
17	2	-3.00	0	0	0	0	0	0
17	3	-3.00	64	64	3	3	3	3
18	0	-3.00	0	0	5	16	35	47
18	1	-3.00	0	0	0	0	0	3
18	2	-3.00	0	0	0	1	5	9
18	3	-3.00	64	64	59	47	24	5
0	0	-4.00	0	0	0	0	0	0
0	1	-4.00	0	0	0	0	0	0
0	2	-4.00	0	0	0	0	0	0
0	3	-4.00	16	16	16	16	16	16
1	0	-4.00	0	0	0	0	0	0
1	1	-4.00	0	0	0	0	0	0
1	2	-4.00	0	0	0	0	0	0
1	3	-4.00	16	16	16	16	16	16
2	0	-4.00	0	0	0	0	0	0
2	1	-4.00	0	0	0	0	0	0
2	2	-4.00	0	0	0	0	0	0
2	3	-4.00	16	16	16	16	16	16
3	0	-4.00	0	0	0	0	0	0
3	1	-4.00	0	0	0	0	0	0
3	2	-4.00	0	0	0	0	0	0
3	3	-4.00	16	16	16	16	16	16
4	0	-4.00	0	0	0	0	0	0
4	1	-4.00	0	0	0	0	0	0
4	2	-4.00	0	0	0	0	0	0
4	3	-4.00	16	16	16	16	16	16
5	0	-4.00	0	0	0	0	0	0
5	1	-4.00	0	0	0	0	0	0
5	2	-4.00	0	0	0	0	0	0
5	3	-4.00	16	16	16	16	16	16
6	0	-4.00	0	0	0	0	0	0
6	1	-4.00	0	0	0	0	0	0
6	2	-4.00	0	0	0	0	0	0
6	3	-4.00	16	16	16	16	16	16
7	0	-4.00	0	0	2	2	2	2
7	1	-4.00	0	0	0	0	0	0
7	2	-4.00	0	0	0	0	0	0
7	3	-4.00	32	32	30	30	30	30
8	0	-4.00	0	0	0	0	0	0
8	1	-4.00	0	0	0	0	0	0
8	2	-4.00	0	0	0	0	0	0
8	3	-4.00	32	32	32	32	32	32
9	0	-4.00	0	0	0	0	0	0
9	1	-4.00	0	0	0	0	0	0
9	2	-4.00	0	0	0	0	0	0
9	3	-4.00	32	32	32	32	32	32
10	0	-4.00	0	0	0	0	0	0
10	1	-4.00	0	0	0	0	0	0
10	2	-4.00	0	0	0	0	0	0
10	3	-4.00	32	32	32	32	32	32
11	0	-4.00	0	0	0	0	0	0
11	1	-4.00	0	0	0	0	0	0
11	2	-4.00	0	0	0	0	0	0
11	3	-4.00	32	32	32	32	32	32
12	0	-4.00	0	0	0	0	0	0
12	1	-4.00	0	0	0	0	0	0
12	2	-4.00	0	0	0	0	0	0
12	3	-4.00	32	32	32	32	32	32
13	0	-4.00	0	0	0	0	0	0
13	1	-4.00	0	0	0	0	0	0
13	2	-4.00	0	0	0	0	0	0
13	3	-4.00	64	64	64	64	64	64
14	0	-4.00	0	0	0	0	0	0
14	1	-4.00	0	0	0	0	0	0
14	2	-4.00	0	0	0	0	0	0
14	3	-4.00	64	64	64	64	64	64
15	0	-4.00	0	0	0	0	0	0
15	1	-4.00	0	0	0	0	0	0
15	2	-4.00	0	0	0	0	0	0
15	3	-4.00	64	64	64	64	64	64
16	0	-4.00	0	0	0	0	0	0
16	1	-4.00	0	0	0	0	0	0
16	2	-4.00	0	0	0	0	0	0
16	3	-4.00	64	64	64	64	64	64
17	0	-4.00	0	0	3	3	3	3
17	1	-4.00	0	0	0	0	0	0
17	2	-4.00	0	0	0	0	0	0
17	3	-4.00	64	64	61	61	61	61
18	0	-4.00	0	0	1	4	7	7
18	1	-4.00	0	0	0	0	0	0
18	2	-4.00	0	0	0	0	0	0
18	3	-4.00	64	64	63	60	57	57
